583 Ὀδυσσεὺς- ὄζ . 584

353 453 505 550 51451 55115 134
353 351 3151355 355 55 41 50103

’0055555 5 55 103 305 353 3335 353
5554515 55 535 5513 5355
5440 5155 331 5100 154351 335
405 5153155 315 354535 531
430 5155 353 355 304335 455 551

105 135 141 154 335 355 350 351
353 300 535 353 454 455 554 553
5555155 53 104 100 183 000 030
5150 354404 405 414 21 54 50
105 150 [151] 351 355 355 330 551 54 55 344 354 353 2 80 143 311
350 4354505111 135 305 345 3551 535455 555 5155155415411
355 5 131 155 341 553 330 345 545 445 51351534 11345 5455 55530.
555 455 434 453 450 501 504 535 ’03555455 A 401.
5131153445305311315 5335 ’0555555555
545 5 555 H 100 0 55 1153 153 ’05555555 333 714 040 55 555 4445
333555 5555345353 450 433 455 5351550555541150.
554 A 313 445 555 553 υ 45 1411 ’05555553145515 51515355 5351
1543155105535535555. 515513555535451554535355
’05555555 5 55 55 350354 535 55 51 Ι
155153 343 5131 135 5350555·
5535550 45111334 345514 31
344 555 354355 531 5 35 155355
355530151551151554435103
335 340 555413 555 5 55 100 554ε
5151 305 335 335 355 353315

583 v 117 100 005 000 3313553511

5381 416 φ 31 195 197 223 379
χ291 ψ208 ω 100445 3220 259
Γ223 Κ 260 529 Λ 140 Ψ783.
Ὀδυσεῐε 398 υ 35.

Ὀδυσσῆα ε 81 149 0144 517 4504
530 5117 σ356 5473 χ163 253
ψ 153 ω 119 494 541 Α 346.

358 388 430 437 447 479 506 556
596 υ 120 300 φ16 20 3894129
227 χ81 213 292 450 493 ψ 18 67
181 [320] 348 43154 220 232 392
443 Α 145 430440 3272 278 63]
636 Γ 205 314 Ε 519 669 71148 363
460 513 Λ 321 Ψ727 759 765 768.

Ὀδυσσέα ζ 010 ρ 301.

’505555 5 54 53 313553 y 103 3 354
ζ 254 51168 341 0450 502 5131
ξ29 424 437 484 55 113450 455
5327 361 σ8 348 350 5136 185
603 580165 177 239 257 286 329
51204 357 393 χ26 115 202 225

’0555555 5 330 ξ 153450 5153 51531 351 335 543 401453 455 ψ 45 315
5345 355 413χ335533553556 511514535145551554055131
5540535551 ,335 555. 1 55311105 13551415 453453.

’55555555345553355 5105354 3551 5555575) 5 555 5134 5 157 5535
340534 5354511113135 5435531 555355 5 455.

531 5155335 5155 455 530535 ’05555555 303 5351 401 [455]455
5155 301 304 4555514305151ἓ [554]1[50][5311053ο3455[453]
1553505135535453154313405Ι 45551555310153554155455
453 55333 534335 χ 15 45 1331 5155 2104 5305 5153 543 5153
141355351405405 55351051 33555531305534111445535.
5055315 450 5355454501535· ’0555555515 554 553 1355 444
5331 355455 450455 5355335 5154 3555455335 513 3441345
35545143555115355345 555055 553554444355104.

719 755 763. ιώδύσαο οι 62.

’00555555 5 55 135 5 3 35 353 335 53555555 Σ 353 535551 5 540 55555551
355 354 415 y 04 54 315 553555 5355 3155.

6143 241 270 625 682 741 799511 ὀδυσσάμενος 5 407 ὀδυσσαμένοιο 037
31 155 355 405 555 5144 [515] [4551

53 53 [53] 313355 545 533554 5555355555 5 435.

554 45 53 1555334114 155330 54555540 504 545 3435515345541
353 355 355 453 510533 5511515 33 454.

415 5 345 355 350355 335 φ 54 ὄζῳ 5313 555 55555553 5145 3355.
155 155 314 433 2147 331 355 3555 μ 435· Δ 454 555555Ξ355 0045
5135151153535553331315
5535155455 505.

ὄζους Α 234 K 467 Π 768.
ὀδώδει ε 60 5210.

 

