749 750

Στύμφηλον-σύ.
1181811111888. 1 11181 188 88811884 148 188188
18818181488841484814118. 1 888 884 ,8 88 88 48 844 888 814 ,
8881881418888. ι 8181188 88 444 818 848888 881
888881 818 148 118 888 418 818
1111881848888884881111
181 818 818 1184 118 888 810 434
81488 84188 8888888118 888
5:555111540380. 1 881 818 488 448 481 8881118 18
στυφευζομενους π 108 υ 818. j 55 888 888 888 848 418 488488
έστυφέλιξεΕ437 11496 έσευφέλιξεν Ψ 96 149 313 334 588 607 892
ρ 884 88484818 11881 111488 8 818 1188 818 888 888 888 888 188 111.
8144 8 488 8888 111881 1184 118

Στυγὸςε 188 8814 1188 8353 ,18117

Ο 37.
Στύρα Β 539.
στυφελίζετε (iptv.) 0 415 υ 324.

ἀπεστυφέλιξεν Π 703 ἐστυφέλιξαν 11774

ἀπεστυφέλιξαν Σ 158.
στυφελίξῃ A 305.
στυφελίξαίΛ 581.
σύ ὃ 376 379 468 0180 1412 452 11285
330 486 μ 106 1299 824 327 1115οῑ
304 ρ 455 576 1121 385 χ376 11227
4888 888 8181 484 838 11188 881
350429 812 827 Ζ 123 363 412 429
11294 0423 1231522 14237 481
Λ787 Ν294 447 049 95 229 247
Π 17 89 523 Ρ166 488 691 Τ34
Φ 106 229 Χ 485 Ψ894 Ω 290 364
387 398 727.

168301 6183 201 251 285 288 350

7183 247 313 316 368 0148 200

274 388 395 408 480 485 497 547
551 599 602 743 125 29 173 205
218 ζ 289 1150163301 318 0145
197 347 402 413 468 548 1350 356
365 11271 294297 443 4250 374
375 441 618 μ37 220 385 161
133 297 307 349 385 ξ131 185 386
813 27 76 128 318 540 545 1182
130 132 142 188 194 256 259 270
277 281 283 299 420 421 ρ 22 194
275 278 375379 548557 599 σ 31
106 129 175 327 369 144 81 236
313 325 352 367 381 482 495 500
570 598 120181 396 φ171 193
234 χ54 166 217 312 344 367 417
431482 ψ351 183993 248265 321
333 339 382 A 76 83 86 127 146
158 214 243 275 277 280 282 297
401 421 522550 582 1133 70201
256 344 Γ417 Δ39 61 63 64316
355 Ε 228 230 259 261 875 Ζ46
55 86 225 269 279 329 334 430¹
Η 24 115 357 035 185 204 3741
[466] 133 69 (bis) 109 255 259 262
301 513 600 611 617 639 11125
164 167 176 238 453 A 131 653
790 828 Μ 164 231 244 246 3661

“ 8488181 8216 118814888888188

11241 1201376 033 1'137 365
0411 2525 160 437 444 Λ841
0569 Σ358 392 1218 Χ 253 288
Ψ439 588 Ω 502 686.

8186180 1369 1363 11201 248 Γ 446
Δ174 13173 Ζ328 11114 457 0483
197102 Ν632 Ξ328 0181 Π709
722 1168 Φ 107 55434.

σεο Α 390.

σεῦ 1278 405 8 19 1 489 Γ 206
Ζ409 411 45411111 0482 ’47309
327 Σ 77 333 Τ185 1‘334 Χ 432
Ω 371 750 754 767.

σευ 1231 ξ493 1108 215 627 64
11811 Ξ95 Π31 621 Ρ173 Φ 475
σέθεν 7213 «ὃ 160 393 8177 ξ56
113194 1372 377 842 232 41180
186 Δ127 169 Ζ524 11231 0477
11533 Σ337 2434 Φ331 Ψ 23
312 Ω 490.

σεθενΑ 230.

τεοῖο 037 [4581.
4818888188188811841444μ888
488884844888 1488 ,18888188
257 11158 159163557 Δ58 Ε 878
6201 1252 316 Λ452 765 Ν454
0553 Π 33 Τ 148 Φ 357 358 463
Χ 357 513 21144146 594 54134 683.
88781 279 305 816 353 β87 111
192 285 750 85 357 359 382
0561 601 747 ζ27 39 60 180 190
11306 0150176410112349 11329
337 419 4367 433 μ 217 1144
230335 391 0 168 488514 8583
594 8266 φ240305 χ168 324 360
ψ75 103 361 8128 91 123 8189
167 176 294 296 299 443 11802
Γ51 63 Δ38 43 63 13244 405 490
643 652 809 875 255 224 229 462

 

