0614ς112011187 0348 Ε172 1551
1139129 Ξ427 Φ273 275 Ψ632
06 τευ 5 261 0210 Σ 192 05 τινι
ξ96 Ρ68 05 1110111199ζ176η25
χ414 1165 Ε 761 Η 196 05 τινά

011111110111222 11836 η 159 11267
3233 3 200 0291 0 300.

05 μὲν γάρ τοι 11204 52172

06 νύ τοι Π 707.
00101060347100111, 163 11. vv).

2133 1305 Ψ 579 Ω 256 494 06 [061

11111311192142304090161Ε475
05 τινες ζ 279.

05 γάρ 11ςγ89 11607 κ 202 568 φ93
71409 1104 1121801214146Σ296

05 γάρ τίς (10110335 2487 Η 197
05 γάρ τευ φ 306.
06 κε’ τις 11 280.
06 κέν τιςψ 187 061111 τίς Μ 465.

06 μὲν γάρ τις γ 377 3552 0611211

γάρ 1111111) φ 261,
5 u 01 75 β 87 [191] 235 240 282 411
1133349 367 3199377810 ε 88 11205
292 300 θ 196 206 311 397 451 ι448ξ
132615051142115129144219.
ξ 155 176197 367 11279 1567 01641
102 υ 183341 φ 250309 15059 3511
473 ψ 26210261 512 A 160241 4161
511 562 588 Β 338 528 807 833 Γ 11Ι
Δ 286 401 Ε 64 516689 Ζ 102161 189
342 H 27 142408 331 143407 421
484 [5501 Ι 108 115 493 523 527 534
1440 Λ 243331 439 552 Μ 9 238
Ν142161461573 21368 0194 Π57111
631 Ρ 207 240 661 Σ 161 386 425 5261
1112213 3130103 0113133 11111
19 Ψ 182 308 404 515 547 603 Ω 68
94 538 642.
06 141. 217 363 μ 227 1141 068405
11456 0319 191 0364 1132211261
Α 153 335 Γ 164 Ε 483 Ι 429 607
692 X 295
05 γάρ τι η 216 0514 11377 ρ 283
Υ 467 42550
05 μέν τιε 364 0585 0737.
05 μὲν γάρ τι α 78 392 411 5 807
1301173113105161127310
ρ 176316 Ε4021901] Τ 182.“3 21
,42385 031317391311735130'
1159 224 023 Ρ446.
0626111460 71352 039 Χ1831
510102036273372 1193133 1271
211 ξ 487 0330 531 11311 1140041131
1264 11298515 Β 361 Γ65 Δ 29 54
8428 2335 133 70 Ν 151 382 Π 443
328 Ρ 175 3182 02911131312101
05 τοί (u) N 811.
05 γάρ τοι 5 475 φ 172 Μ247. 1

εἷο χ 19 Δ 400.

30 ε 459 η 217 3 2111011100) 1398
461 φ 136163 Β 239 Ε 343 Ν163
T 331 (55305) 3 201.

ἕο ξ 461.

16 1446 Τ464.

111 0165,

εὖ 1377 27427 52 293 311.

ἕθεν τ 481 111304 Α 114 I' 128 Ε 56
80 96 Ζ 62 1127 465 Μ205 Ρ407
T 278 305 402.

ἕθεν Ι 419 686 0199. ·

3011138 Ν 495. .

11133113312331111311330312
507 τ 413 φ 304 10111111) χ 14 214
(11113) ω 311 Ε 233300 3321 1303
A 233 Μ133 11312 301 1111131113)
Τ 385 Τ418 Φ507 21196326 114126
(αὐτῶ).

0711 292 Δ 219 Ε 64 (τ’ αὐτῷ) 248
1286 392 K 30711’ 0611112. 521 ’131 12
Χ 371 438,

0111 17 37 62 88 89 91 191 239 261
262 264 275 291 300 335 347 363
392 407 425 434 β 21 33 37 54 92
116 124 172 190 222 226 249 254
267 302 379 380 387 y 192 198 .
203 241 258 306 308 311 312 369
401 407 11 ll 66 125 133 163 166

174 224 225 228293 536 559 647
649 653 662 664 667 677 704 705
745 767 771 789 794 826 840 841

1 16 16 41 113 114122 131143 234
⁵ 240 243 265 267 271 283 288 316

321 323 312331 339 3311112132
111 123 111 131 113 111211223
223 213 211 230 301 1 1 13 19 41
33 103 122 110111131231 313
113 210211 231 291 902 319 320
303 333 392103103 121 123 130
410433 313311 1231 213 213 310
339 390 113 433 '332 1 13 211 349
131133 110333 1 103132 133
133 211 233 393 142 143 340 303
μ 13 30 313 122 v 1331103120
132 133221 231 331 313 339 331
111113130133 131 ξ 23 3 31
31 03 90 112 129 134 293 320 309

 

