583

555 455 555555 51451 55111 154
555 551 5111551 555 99 41 15155
105 195 141 154 555551 555 551
555 555 555 555 414455 554 555
555 5155 55 154 155 155 555 555
5155514454 455 414 11 54 55
105 190 [1511 551 555 555 555511
555 455455 9111 199 905 541 555
9909 151 115 541 555 990 545 545
555 455 454 455 455 551 504 599
4 911 9 544 Γ 555 511 515 A 999
545 9599 11155 551 1155 155
555551 515 11545 555 455 455 455
554 4515 445 9599 9 55 145 141
154 915 910 51155 155 115
Ὀδυσσεὺς α 57 60 260 354 β27 59 71.
155155 949 9191 195 9990 559

959 9990 491 11 554545 9 14511

344 0 83 264 367 521 ν 28 187 353

Ὀδυσσεὺς -

ὀζω. 584
’55555155 5 55 155 551 555 9 995 959
95949159559995199999
9440 1155 551 9100 104 901 999
451 9159155915 554555 554
490 9155 959 990 904 995 455 591
599 9119 199 905 909 991 955 959
9499 944 954 959289 149 910
9994959999199195415440
44141551554 11545 4455 91990.
’09999499 A 491.
Ὀδυσεῦς 99 398.

’00555145233ζ 14 24809ν73ξ447

5551555555141155.
δ ’5555555145 919 91519999 1551
1 11551551155545155455 9959
5551415 551155151555515

1 1551 5555 5155445 5555555
155515555554145511155.
Ὀδυσεῖε 398 935.

551 155111 95119 111 445 9109 ’0999959 9 51 145 5144 511 5554

995 940 995 415 555 955 155 994
91 51 909 995 999 959 999 915
959 999 490 499 441 415 555 555
555 5 190 900 5 15 55 55 54 155
551 χ 51 515 555 455455 9 15 51
151 [555] 545 5154 555 555555
445 A 145 455445 9999 999 591
995 1555 514 9 519 599 11145 555
455515 4551 14151 155 155 959.

’0999999 1 555 1 155 415 5 155 ρ 155Ι

9949 995 419 1555 9995 5555
11545 555 511 9. 99 555.

’5555555 9 945 959 955 9109 994 959
940994 999 4511115155 949999

591 9 19 ν 226 ξ 167 459 520 523ἔ

9195 901 904 495 91490 9191
159 950 599 9994 991 54 919 409
455 55555 5 94 555 1 15 45 155
141 551551 455455 51 51 155

530 ν 117 5356 5473 1163 253
ψ 153 ω 119 494 541 A 346.
Ὀδυσσέα 1212 ρ 901.

’09999‘299 74 83 212 363 1163 δ 254

1554 9159 941 5459 509 5151

ξ29 424 437 484 95 119450 455

ρ327 361 58348 350 τ136185

003 5 80 165 177 239 257 286 329

9904 357 393 126 115 202 225

281 337 342 401479 498 ψ 45 345

[ 51116 149391409 3169 407 Γ191
Θ92 K 109 137 Λ419 473 482.
Ὀδυσῆ’(α) ε 336 ν 124 5 157 5326
τ 65 267 ω 497.

Ὀδυσσεῦ ε 203 κ 251 401 [456] 488
[504] [[60] [92] 100202 405 [473]
488 617 1482 101 ν 375 413 ξ486
151671164411209 45192 542 3173
Δ 358 093 Ι 308 624 K 144 Ψ723.

306 (5213 480 526 Δ494 501 2301 Ὀδυσεῦ ι 517 κ 64 378 4363 444
Κ 231 277 476 490 498 527 A 335 11184 279 ν 4 1226 312 344 I 345
396 401 439 661 Π 26 9949 Ψ709 673 71544 A 430 Ξ 104.

115 155155. [555555 5 55.

Ὀδυσσῆος α 87 129 β 2 35 233 238 ὠδύσατο Σ 292 ὠδύσατ’ ε 340 ὀδύσαντο
279 394 415 y 64 84 210 352 398 5275 Ζ 138

δ 14324 41 270 625 682 741 799 511 ὀδυσσάμενος τ 407 ὀδυσσαμένοιο 037
51 155551 455 5151144 1515] [4551.

52 59 [63] 313 337 347 522 554 ὀδώδυσται ε 423

τσ 34 48 53 139 ρ3 34 114 167 230 ὄζος Β 540 704 745 842 Μ 188 Ψ 841
292 299 389 402 510 522 5311313 Ω 474.

417 5248 283 290 298 325 994 1599319239159999531'149 9939.
158 189 314 432 1147 221 238 3155143544843155525895545
51 125 151 172 3335 Θ 222 1918 ὄζους A 234 Κ 467 11768.

Χ 271 A 5 459 806. ’ ὀδώδει ε 60 1210.

 

