153 γάστρην - γέ. 154 ’

γαστέρες a 44. 331 544 555 554 545454 544 555
γάστρην 5 454 Σ 545. 554544 555554 44 55 455 555 545
455454 ι 555. 505 405 444454 504 4130 555 555
44545 45 44 455 505 540545 555 555 555455455 445 455455 454
555555 554555445544 45 5454 545 4555 455544 540545 555 544

4555 45445 455504 545554545 550 555 554 4440 55 400 405 444

454 y 114 445 455 454 455 544 544 555 554 554 505 545 405 455 455

554 554 555 555 555 545 555 554 455 545 555 550 555 444 455 555 554

45555 45 455 455 500 555 555 555 455 445 454 455 554 544 544 545
’555544 555454 455 555545 444 555 545 555 555 455 450455 054

540554 555544 45550 440445 55 44 440 455 544 545555 555555

505 544 555 545 554 555 554 ς 54 545 550 555 404 445 445 505555 545

404454 454 455 554 555 505 [545] 405 445055 54 54454 433 733 554

334 33 73 73 195 133 133 504 505 55 44 405 455 450445 505 540540

544545 545 554 134133 450505 555 554 555 405444 445 455455

540545 313 331 414 451 433 433 437 505555555 550555 405 Σ 54

454 454 454 544 554 544 544555 404 455 455 455 554 555 505 550

454445 455555 5545445 505 544 555 455454 4554555 54 454505

505545 455455 455 505 5445454 505 545505 554540544405 555

50455554 540544 5554555055) 445455 500 540 544 555 455 454
, 31430 444 447 443 450 455 505 455 455 445 455 05 33 103 103 113

455 54 55 45 405 455 454 550545 455 555 554 545 554 455 455 455

545455550545554555544555 544 4450 55 55 5055 555 550 555

555 555 404 454 ξ 54 31 113 133 301 505 504 545 555 337371 554
; 555 555 ¹31 313 455 55 455 455 450 454 455455 44555 44 444450

555 54· 554 555555 455 445454 455 445 544 555 555 544 374 440

519 437 64 85 95 136 149 157 461 469 494 515 587 594 691 696
· 309 318 395 373 400 447 710 834 875 894 (bis) Ω 59 66 199

63 138 186 193 944 953 981 198 907 914 944 959 988 334 379
,6 389 406 401 475 497 514 411 496 430 490 530 540 573 575

106 193 149 149 164 170 180 649 683 784 795.
133 934 409 497 89 86 167 919 5445339 3138 45 ξ91433644310 390
' 993 315 407 409 474 488 496 0989 397 Ζ465 I 517 19187 59997.
4601 v 37 139 145 187 900 945 γ’ α 4 96 31 163 917 996 386 403
- A φ 98 110 196 170 179 905 913 β51 109 199 197198 139 994 974
χ167 915 919 954 315 395 398 975 374 γ 90 173 931 346 357 δ 8
’599 379 480 486 ψ 91 94 194 [198] 74 110 137 180 189 954 986 388
166 179 957 986 ω 61 79 993 951 435 477 596 595 785 790 837 533
984 989 398 495 435 470 539 Α 60 89 99 169 189 308 ζ88 109 190
8197 190 173 174 190 916 989986 983 988 η 167 999 θ 55 143 197
’995 998 999 390 330 359 393 485 198 907 980 418 446 488 ι 109
506595 557 Β3 55 170 907314 379 113 193 175 937 988 366 411 419
386490 598 577 664 694 703 709 459477 595 537 κ 91 93 914 964
794 796 745 753 809 817 899 Γ 5 74 985 330 349 350 406 [475] 1 198
119180 197 308 409 433 Δ 37 43 904 399 406 444 464 599 639 μ114
, 950961 993 357 374 531 Ε 53 54 187 916 950 955 55 71 99 113
155181 958 988 391 351 369 3801 194 159 199 901 954 999 399336
409 446 457 516 554 603 673 6774 497439 ξ96 135179 395 334 363
686 794 897 853 897 Ζ 16 195 128! 499596 094 31 99 100 910 998 980
199167 168 185 199 998 984 379 983394 4441 107 150194 919 956
419417 497 Η 99 113 149 150 195Ι 963 300 309439 091515) 105 149
197 981 999 378 393 397 Θ 7 146 153 993 301 309 307 383 454455
153176 994 311 358 493 497 448 460 466 568576 0110954 978 988
150 489 519 513 1108 (bis) 183 906 395 398409 5191197 915 935 991

 

