619 ὅς. 620

0ος0398 Γ235 Ζ21 0108 01220! 190110022400013161 1773265

Τ 243 Φ 55 Ψ 291 Ω 574. Ι
333 3103 y 100 0100 070 3431 (33-
monstr.) η 92 1309 630 μ310 ξ4
22 0 105 01364 0313 363 8302
513 Γ128 Δ 232 0528 1306 Κ 125
478 558 Ν 780 O 187 198 Π 260
369 [381] 867 Σ 515 Τ 203 Φ 1353
236344 Χ11 69 234272 Ψ776Ω279.ἕ
6(110.1111036,εἰς6111(ν),ε’ξοῦ) 01312
387 κ 288 (14 1547 Γ338 112821
Ν 168 830 0 736.

6 α 48 0614 0114 01190(03111011311.1
M 311 (demonstr.) 357 0003100311.)Ι
Σ 460 Ψ9(03111011311.).

οὗ β 90 Β 138 Ω 766 600 Β 325.

33303340313332331123302

3301 A 132 11102 033.

33 243 A 202 3400 3402 3142 144
3331013320 0100 11331 11220
0441 1400 0 234.

33203 3300 0413 302 3133 3433
11303402 A 332 11100 133 230
11311 0233.

1131333133 3043 4300333 0242
A 101.

3 2 4. ·

33 3 0013333301) 1103 ξ 311 121.

οἷσιν Ν 717.

03113 33401223 3133 340120
330 303 133 330 33333330 31230
11 33 0403 410 0103 10300.
33203 3003110.

ἦ (00111. infra ἣ θέμις έστί ιι. 1. λ.) α 191
333 131 (bis) 3 300 420 3330 330
3 14 100 104 230 301323 333 ς 23
30 43 114 223 3 41 233 3 3 230
233 234 3330 3333 432 1230 200
434 3123 231 2332034311 ξ 321
3333 422 3102143200 331 3301
303 340 3323 3 202 211 200330
0202 303 330 A 120 133 E 313Ι
033 1143 342 0223 201 301 1424
333300 A0 340 01234 114130324Ι
0400 z 301 300 330 0233 0031
0 203 333 413 1423 433 100οΙ
0 30 332. Ι
3303 103 343 314 024 314 3 3341
300 1233 203 231 202 303320
ξ 233 3323 3230 404 3334 3133
301 220 334 3144 A 2 3313020
3120 331 2113 403 423 11233
A 041 0230 313 320322 0131
003 0333 Σ 10 001120 0032. Ι

2243 0301230] 0 313 10331
Ω 305 ἕης Π 208.

33330 1133 3103 3333 1331 11301
030 0033 0133 10210 333.

13 3 31 43 102 3140 3 100 A 431
1022 30340333 320 3223 11233
1143 233300 A 323 0 413 0431.
333201233313332103333 3231
430 3203 3232 ξ 130 423 3133
201 3304 3100 231 ψ 223 323

, 01281 41603 Δ137 Ε739 Ζ292

6186 1131 273 426 K 293 [133
Μ 295 Ν 600 623 697 0 33 309
336 ,469 Π 56 Σ 444 487 Φ 401
Χ 319 Ω 59.

063165 0813 t 127 u 349 τ 25 345
0122 χ432 ψ21 144 140 282 Λ228
Μ 454 Σ 405 Χ 474 Ω 479.

000 54 0119 0177 ζ123 ν 104 [348]

11317 3213 1498 07 174 01266

χ418 463 A 604 Β 626 Δ44 1663

1130 272 061 720 Σ 49 Ψ461480.
333 3 333 333 ς 202 3 300 2 31

11133 330 3311 341 A 100 11 201.
ἅς Β 227 Θ 230 1129 271.

ἃς β 207 κ 393 λ 186 μ 133 01279

16320 749 818 8393 K 416 A 536

Μ 259 327 N 127 340 394 17201

Σ 28 T 383 ,711 84 501 X310
ἢθέμις 0001345187 Β 73 Ψ 581

ἣ θέμις ἐστίν λ 451.

ἢ θέμις 001οξ 130 ἣ θέμις ἐστὶν 133
270 01100] 33133 - 34131131.
ἦ τε (ξείνων) θέμις ἐστίν ι 268.
ἤι’ έστὶ 0010] 0 691.

6 τε (00. παραθεῖναι) θέμις ἐστίν Λ 779.
ἢ (demonstr.) γὰρ 011101 ἐστὶ ω 255.
ἢ (demonstr.) γὰρ 001111 168.

ἢ 3030101311.) γὰρ θέμις 01 286.

5(= 601) β 45 0771 1540 31375 3545
3343 3223 3220 3 132 311303
16433 832 140 362 463 1493 534
Λ 439 0248 11120 P 207 Σ 197
Τ144 421 Τ122 283 Φ 150 Χ445
60 382 γ 146 166 0206 μ 295 0340
0332 392 411 v 269 φ 289 Τ456.

εἰςὸκεν 0378 ζ295 ιι 461 0 543 350
3332 Ε466 Η71 1162 377 Φ128
231 Ψ 244.
21930000'0090014401310511011
0333300 331311331123031

 

