8-8.

H.

8' (aut, 731) ζ 280 λ 565 391 33313917 8- ἠὲ y 348 (7) δ 640 ξ 330 7 299

1233 13337 11 2313 2331311113)

2333 2123 11233 12333.
33132232 3213373 334 3223
324 744 743 4132 8888 8888 7273
487 1807 3 237 273 3133 3333
3 3 133 217 217 334 3133 232
334 (313) 333413 3233 313 3 33 84
188 3 33 3 432 A 43 32 33 313
3 231 337 433333) 808 A 33 137
237 13 733 333 2134 341 347 373
333-131-31] 437 14237 313 1233
333 11337 488 333113-131-311
A 33 333 17 333 437 333 333 2143
474 332 131 177 337 333 332133)
11332 432313337 133 32 2133133
173 X 132313) 81348 58 881 (1113)(7)
433 737 733 (814) 773.

ἠέ 7421 ξ 179 3329 17 80 14443
121243.
33 3 223 233 3 323 343333 333334
7133333 84 4267 381 408 1403
8888 3177 77100198 337 754
121211434 333132 8188 388
380 3113 143 3 232 7334 A 142
11 132 223 11133233 3333343
11443 431 A 883 11142 137 1133
838 808 380 0170 488 17433 1433

φ237 383 χ 97-98 463 A 395 Δ 76
K 147 174 327 361 Λ 220 Μ 305
2133 3133 808-80881117880-881
Ρ 227-228 744 Τ 289 Φ 576 Χ 164
Ψ485.
ἢ-ἠὲ-ἢ θ 206.
ἢ-ἠὲ-ἢ-ἠέ Κ6-8.
3-31-344433 3233-231.
333-3 1134.
334-3 3231 N 488-488.
ἠὲ -8 Ε 484.

133-33 888 323317 1 180 μ 233
3313-311 333-331 888—88
K 451 0323 Σ 511
33-3-3 3 3373333.

3-3233
31 - 88 - 34 3 34-33.
ἠὲ-ἠέυ 297 Κ 370.
33-33343417311117211433
0 557 Τ 378 Φ 576 Ω 47.

ἣ--τ 109.

ἡὲ- (εἰ 8⁹ ἐθέλεις) ρ 275.

8- τε Β 289.

- -8 t' Τ 148.

8¹ τ’ - ἥ τε P 48.
81’-81’A410.

ἥτ’ -· ἥτε 7276 T81778.

133 7388 1133 41333 332 13133. 3133333131, 33) 3313 3134 321313 τ’)

3-3 3733 μ 133-137 4 188-184
8 433-433 1731-132.
3-13323-327 1333 3333 3333-
333 Ψ 331-332 784.

8-8-88 1 433.

3 -3 3 343 3 373-371 3 441-442
3333 11311-312 2431-433 1334
-333 12 732-734.

8-88817 3233 714 734 321 1108
3233 433431 7274 75741331-332
μ 27 233 4334 3 273 472 4333343
3 133 3 433-431 A 87 181 804
124 233-243431 408 1171-72 311
814 1337 A181808 113233 0140
871 878 7848—348 332 01181
11133 810 2 388 888
8-8-81418418817178-180
Φ 111. ’
3-3-3-33 A 148-148. 1

3 - » 33 8188.

8-88 080 31 333 11 133-113.
8-84888 3323 4 888 888 33311

3 31 8:488 2308.

33 133 322 y 884 8188 3143 188
ι 3 4388 188 431 3113 233 331
17107 ρ 404 σ 162 7168 267 υ 317
3133 A 117 142 2233 3133
11434 A188 N833 3313312 273
331 3433 11233 374 Ψ 443 884.

88 3 417 A 880 11333 A 818 17888.
33133 3131 313 33333433 2331
A 13 333 Ξ 31 3333 111313.

313343224371137 33322122333.
74 8 (737) 0 326 A 365.
33214311432111313113131231
237 3133 133433 11433.
3133133421 337313332332234
3244 2173.

8 (interrog.) v. S. v. 8.
8—87888
8 31333.) 3 233 334 333323 3 33 31

8 188 232333 333773 ε 132233 1223
273 233 3 213 t 23 432 337 3 33333
333 1433441 433 313 μ 233237 372

 

