515

794 Ρ228 518 551 Σ146 202406
548616 Τ3 6 117350 352 381 Τ5
1070613) 111 276 387 0167 243 403

427 496 504 505 X 111 119 226 449Ι

475 Ψ 204 212 391 846 8680643)
1180 81 100 126 188 303 608 613.
6ἡςβ206 γ455 6 703 758ε37οζ247
61230530411448689125684
162 262 π 334 (αὐτῆς) 6204 207
208 6 92 157 0205 6448 694
Δ138 6265 268 281 81550]1133
275 571 631 Λ 38 175 763 Ν 161
Π 123 173 179 181 193 196 Ρ63
Σ446 Τ176 Τ181 089 412 425
11448 Ψ525.

τῇ α 331 6123 366 3199 131 84
105 139 661 0127 295 4429 4435
6365 463 π 50 (657 150 6158
207 303 315 τ29 55 202 249 479
481 601 φ 1 61 386 χ183 184
398 ψ 172 239 63 5 Α54558Β450
Γ 143 389 395 424 Ε 347 363
1120 248 1189 336 453 565 654
11216 517 Λ36 174 Ν408 794 Ξ78
272 273 0230 647 1111 Σ491
192 Φ7172 143 495 14612 665
τήν β 109 7381 6785 6248 261
055 ξ 235 χ212 431 ω 145 Ε 132
821 Ζ 185 11266 294.

τὴν α 63 113 213 230 306 345 351
03483714036112123927265
8147 265 696 711 716 742 808 824
830 835 621 49 55 58 145 214276
327330 475 486 ζ75 165 666 240
275292 0374 463 4146 485 542
543 44112507 410 87 260 266298
305 639 μ71 113 114 152 201 244
276 302403 421 428 ν 67 68 226
311382 416 ξ435 6179 367 419
430 478 480 497 66357 434 645
107 207 495 498 512 579 6169177
199 226 284 337 380 626 70104
106 156 164 220 261 335382 405

440 467 471 499 509 554 582 v 364

ὁ - 6. 576

56111497Λ713 Μ 298 Ν 548594
Ξ 168 193 197 211 242 260 312 341
092 184 205 311 Π 58 124 189
Ρ560 595 Σ 78 97 148181 187 382
389 393 445 462 468 509 Τ59 132
Τ132 191 272 324 Φ 418 478 507
Χ 182 2110413) 232 238 466 Ψ 75
295 296 300 553 616 Ω, 30 64 89
138 217 299 345.

al 64132 4225541 6372 6122 χ446
11136 873 Λ 535 Σ495 559 574
Τ500 111376 392.
01188521055107'2171 Δ 21 8458
Λ537 (τ’ =que!) 1502 (τ’ == 6631)
αἳγ 157 176 297 450 6 300 448
183 85 96 117 211 223 247 317
318 6104 339 0435 42670 3454
92 436228 233 6110111 6320
τ61 563 (bis) υ 67 109 149 151 157
158 159 211 φ24 251 252 χ497
498 669 1190 (bis) 599 Γ421 Δ 20
Ε 141 418 502 778 907 2133 297
301 312 500 8444 457 1507 660
K 352 Μ 2880643) 0636 Σ50 65
145 421 595 597 1225 226269
Φ538 Ψ433 460468 474 42647
66133501Γὸ 7 1511.

ταὶ ζ90 10066 153 161 χ304 451
456 645 Δ9 2287 Σ67 014
211119 121. ’
664660119121294 6117 κ 352 647
6345 424 463 Δ46 56 17320 331
I 146 288 330 397 Π 833 10223.
τῶν 4 591 μ64 321 16270 424 11253
0656 Π266 Σ50.

τῇσι ζ 101 6178 667 652 Ζ298
1639 Ν2 0632 Σ400 44732761.
τῇσινο413 6311 Ζ499 8433 I 243
51 723 747.

τῇς 6 721 Σ 275 419.

τάς μ 55 61 197.
τὰς y 291λ 299 ζ89 ι78 4110 291
592 44134 137 182356 ξ256 411
436 6500 677 176213 φ 31 χ300

φ 66 666 343 χ463 666 466 466) 366466 6466 466 4434 663 4663
110 66 66 63 66 46 36 666 663 663) M 664 634 Σ 466 6 644 Ψ 110
0177501 A29183215361367= 6643333666.

336 364 436 446 644 517 511 56013 (pron. 66464) (0011. 6634, 3) 6664 300
3436 346 6466 666 364 633 446 71383081777027115710213
131130111353353315331 6336 6346 5115 446 6344 666
464 344 363 z 183 666 663 636 366 6364 364 46444 3660666663) 3633
366 331 466 466 446 113 H 66 37! (66666466) A 646 M 330 N 211 (10-
038 186 208 357 469 1 188 342 0613) 4446443467) 278 561 (6364663467) 644 0594

 

1

