118

Ῐ 117 αὖτις - αὐτός.

¹ αὐτίκ’β367 379 3330 382 398 471 Π 684 Ψ 563 Αὐτομέδοντα Π 145

³ 491 506 551 674 3 44 77 ζ 323 864 Ρ 452 468 Αὐτόμεδον Ρ 469.

v 3351111131 1272368 κ 237345 Αὐτονόην σ 133.
487 503 λ 145 180 215 404 440487 Αὐτόνοον A 301 - Π 694.

636 μ115 168 201 261 303394 ν 272 αὐτονυχὶ Θ 197.

' ξ153 276 393 π 102 407 (123120 αὐτός α 393 β40 194 287 γ 19 327
327 σ295 φ46 405 3317 A 383 3131 453 η60 3356 391 ι207 μ38
583 Β 322 Γ 267 Δ 5 69 105 160 {3510} τν 404 317 573 τ 219 ν 136
Ε214 713 841 2472 1453 Μ250 202 228 305 φ 257 317 391 χ53 103
365 393 Ξ237 Π 308 Σ 145 531 3168 Α 246 Β 191 360 Γ 106 311
Τ242 3110 Φ378 419 15113133 17822 Ζ 363 11107 333 1129 271
664 754 768 31 310 515 654. 394 Κ 329 Ν 319 Ξ 248 0198 11526

αὐτίχ’ ε 229 κ 116 Α 118.
13591317 5151 151 5115 131 513
670 3430 3 301 ι 354 360 496 155
461 1598 627 μ438 453 ξ 140 356
405 3431 439 1146 3413 602 σ 60
157 165 257 506 31130139 166 211
233 161 373 ψ24 164 220316 31408
Α 27 140347 425 513 522 3208 276
Γ36 440 A 15 19 82 222 Ε 257 697
859 907 2367 391 H 170 462 8158
271 335 1368 375 K 63 200 241 403
468 Α 63 446 567 758 Μ 31 190369
Ν 239 645 753 Ξ 438 029 31 60 62
235 364 457 572 696 706 Π 206 337
476 713 726 813 Ρ82 103 498 533
Σ 59 89 153 238 286 377 440 Τ 129
1373313568153531113 Ψ75
205 229 733 Ω 17 150 179.

ἀυτμή μ 369 11 290 τ 9 20 Ξ 174.
ἆυτμήι389 1609 K 89 Φ366 ἀυτμήν

λ 400 [107] ἀυτμήν Σ 471.

ἀυτμένα γ 289 Ψ 765.
αὐτοδίδακτος χ 347.

αὐτόδιον θ 449.

αὐτόετες γ 322.

αὐτόθεν v. 3. 7. αὐτός.

αὐτόθι v. 3. v. αὐτός.

αὐτοκασιγνήτη ιι 137,
αὐτοκασίγνητος Β 706 Ν 534 Π 718.

αὐτοκασύγνητον A 427 Ξ 156.
αὐτοκασιγνήτω ,Γ 333.

Αὐτόλυκος 1399 405 414 418 459 11267.

Αὐτολύκοιο τ 414 459 466 φ 220 Αὐτο-

λύκου λ 85 τ 430 437 455 Αὐτόλυκον

1394 ω 334 Αὐτόλυκ’ 1403.

αὐτόματος Β 408.

αὐτόματοι Σ 376.

αὐτόμαται Ε 749 8393.
Αὐτομέδων 1209 Π 148 219 472 Ρ429
459 474 483 536 Τ 392 397 31171
574 625.

1111 3131 1115 1515 11135 353.
001093153 117 131115 103 353
113 155115 333 115 131 3130
513 ε 115 315 353 511 1115 155
113 1311 3111 113 131 1334
117 530 1151135511 513 535 113
113535 511551 1113511115] v 31
15 133 151 151 131 15 131513
113 315 513355153 0 31 35 51
3333 313 151311 15371100
137 331 311115 133131 331 331
131 513 111 511 113 513 333
535135 531555 υ 11 55 155 111
133 153 135 533 31 113 133131
307 337 71¹3 133 131 311151
555 111 111 115 155155531531
551 5135 373 331 115535 A 133
137 131 135 331 353 507 3135
333 113333 573 533 513 313 337
1133 333 A 135 153 151 313 511
133 131 371 133 130 133 513 330
111133311 H 50 101 117 173

· 191 285 406 31 43 51 75 313111

112 116 139 218 281 301 445 450
682 709 Α 16 235 296 570 650 Μ 27
207 236 305324 Ν 3 25 58 62 252
426 448 642 678 729 Ξ 54 145 276
462 0120 132 234 321 457 610
646 725 Π 172 230 239 497 551
[690] 331 852 Ρ48 178 231 254
322 473 506 541 616 623 630706
Σ26 132 194 371 450 Τ89 316
T 173 201 310 432 Φ 35 547 X 3
58 113 198 Ψ244 335 394 415 434
481 491 509 531 578 579 591 602
734 Ω 140 156 185 191 223 280
294 312 360 368 418 560 589 601
691.

αὐτοῖο α 207 η 143 Α 360 500 Ε 170
1193 Ν 159 370 Ρ300 Φ582 42126
αότοῦα409 315 ό 522 643 710 712

15515511 1> 135 515 155531νηί 511 70 535131 111531 115353

 

