970 4515444- 6. 163

Ἰ15141955(66116511.)111915331613. 113114 116141 143 151 169 116
1155451659 5191. 193 151 165 169 116131 954 419
ἕμπιην 3 516. 411 431 469 493 536 516 511 516
ἔμπορος 3 519 ω 300. 0 44 64 39 109 115139159193 113
ἐμπυριβήτην 9709 156 131 141 161 193 331 316 361
ἔμφυλον ο 973. 368 333 410 11 11 51 75 110 119
131114155051627389951081141 113115 1161516) 191 136 199 905
1411531661961331551531613554 111 111 116 146 154 971 995 999
361336331395493461431431 β 14 397 360 433 454 469 433 590 540
1646115194116163193131193 541 511 531539 61311 13 46 56
993 300 304 330 339 343345 349 354 65 66 111 1411516) 149 171 959 955
370 390 3937739 40 51 [79] 31 103 163161 163114161366 931339
191169136113166131194314936 5415 16 36 33 45 41 51 53 1519
341 379 399 401 433 440 449 443 446 66 33 100 935 933 951 363361319
463419 361966 61 9193 193 111 934 413 44⁷ 54 56 93 36 199 911
136 165 116 136 161 309 333 335 353 917 919 999 999 934 953 976 301
339 413 496 439 451 490 407 513591 334 313 399 339 347 359 393 411
533 556 557 569 579 593 603 605 613 460 ψ 16 56 69 131 144 111 139 131
611 653 611 631 119115144161161 143 969 976 309 335 355 365 00 99
161165191639615136131411 31 39 44 61 13 16 66 96 139116
37 96 136113155156111194135 900 911 996 991 935 395 939 379
1541631514) 165166 967 991 391331 336 410 441 436 436 516 Α 14 33
316 335 361 335466 411416461 14 93 109 155 139 935 939 959 311 359
16111516) 1619 31 131 116115 131 313 336 416 433 441 446 491 590
3115641151 5361 656395113 153 566 575 595 597 503 319 169 175
163111 133165 997 996 345 351Ι 116 134 131 131 974 340 351 419
53 55 76 90 114163193111116191ξ 451 454 456 461 467 471 473 493
136141155 163114334313 996 509 549 (bis) 579 599 610 699 719
331 343 406 499 495 435 436 441 445 791 799 766 771 779 919 991 961
459461499501569 511 [3013196 975 7390 31 34 46 55 69 30 195
66114116131 134 136 1641911164 133 159 901 907 909 933 944 (bis)
111141146313393316361433419 947 993 306 316 349 967 399 391
413416 535 546 511 69 9399153 444 445 449 41131 134 143 115
163116136113113194141151193 165 111 133 153 966 411 433 493
911 919 351 395 369 391 434 414 416 455 463 461 463 511 516 536 544
443 451 456 465 491 51355355413 1134315111 115161113193115
4 31 53 69 115 191 199 141156 957 370 961 335 991335) 443 513 539 556,
161 163 115 194 919 315 314 316 394 514 563 566 566 594 616 666 136
969 339 436414115614593161519514 1991431161) 141 111 661 611 366
516 531 514 511 533 633 μ513 45 113 13 43 49 65 61 66 169 1133116)
50 51 54 79(bis) 90 30 91 103 113161Ι 111 113115 143153 191 311 316 311
161 164- 111 113 119 196113131151· 336 311 436 411 416 453 456 461 533
164133135335913341351333411 514516 44143516619131135
157718197(1)18)105107109134 143 176 190 999 949 965 309 313
150 176 199 144 (bis) 947 956 960 999 339 345 [390] 394 417 493 439 439
994 999 301 317 399 403 494 439 4413511694 35 111 116 136156
1141663133195143116111111 166 131131 991 113133194 953
959 969 975 307 319 396 343 366 991 169 139 196 935 331 353 451 413
436 413 431 446 513 05 11 13 113 465 491 433 530 555 569 13431111
113114 133 149 149 939 947 165 154 133166 131 133111113 133
331 354 957 441444445456461516 935 956 133 196 319 953 361 316
534541513345515134136116 361 416 461 465 461 431 516 554
119 119 191 164 163 115 164 191 561 610 693 694 647 669 690 691
314 979 394 413444 413 541 19, 19 90 197 163 163 199 111 145

 

