873

487 488 485 513 580 533 545 A 331
43 33 131 133313 343 334313
333 343 333 433443 433 311331
333 333334 333 331 3 13 33 33
33 34 31 143143 133 133 333 343
333 333 333333 334 334413 441
433 434 433 334333 313 33 33
33 33 34 33 111 133 131 131343
858 308 384 333333 418 451 A 33
33 33 33 134 133333 343 333333
333 313313 333334 431 433 433
433 433314 333 3 33 34 33 133
111 131 133 143133 334 333334
333333 333 433431 443 433 433
433 333 333 333333 333333 333
313 333 333 333 333334 33131
33 133 133 113 143 133 333333
311 313 343 333 433 433434 518
11178143535481103180157
151 175 181 800 805 303 344334
355 378 388 403 413 443 434 888
4133113133133134 133 313343
333 341 331 433 433 433 433 433
434 538 548 11 3 13 33 33 33
133 133 333 333 333433 4333331
333 333 333333 313 118 33 1311
148 158 177 187 184 818 887 840
854 881 885 313 888 338 340 353
455 488 487 518 554 A 54 33133
135 158 177 185 810 841 878 880
881 884 308 385 333434 455 478
485 515 531 555 553 333333 515
570 781 758 780 804 817 111 34

ὥς - Ὥψ.

874

113 123 137183 188 233 246 256
284 333 342 360 366 382 394 420
423 424 436 456 481 491 507 523
540 551 567 591 624 648 656 665
673 679 694 722 730 735 740 746
752 758 Σ 1 22 65 120 138 145
202 214 221 310 323 343 368 388
468 Τ12 37 74-112 125 130 134
276 301 309 338 349 359 379 418
1’1 13 3154 75 110 144 153174
340 364 373 379 393 406 424455
403 498 Φ 15 25 64 97 114 136 161
227 263 284 298 342 348 365 381

433413 433 14341 433 413 433333 “

514 525 537 571 579 X 1 21 24
32 90 96 108 131 143 165 186 193

331 334 343 333 333 333 311 313 ’

343 331333 433 433 433 433 313
²14118548188108183148158
134 313 334343 333 343413 433
443 443 433 433333 333 333334
333331 334 333 334 333333 333
334 333 331 334 333 787811835
333 333 3133 44 33 33 33 133 141
133 133 333 333 314 333 333 333
434 433 483 507 585 534 571 571
588 707 718 745 750 775 788 804.
ὣς δ’ αὕτως y 64 ζ166 131 0 238
5803 885 χ114 3433 1333 11433
11331133. ² .
111 3ς3434 3313 3134 1333 1134

0767162171 A1151'153 A388
5· 488 055 A 780 1180 353 3133

4333133131 133 131 133333 331 333 Ψ 313 11133.
877 887 388 351 354 370 413 4841 333 5945 33343343331331 133
435448453115581 105133143 03545155 384 5845 253 (1331
155 181 838 845 805 388 337 383 131 ὡς) 11333 1351 385 (3333141
388 417 455 458 475 487 484 573 311331 (33341333 333 A 855 841
531 540 573 708 748 788 800 881 M438 084517125871135884441
333 33 33 33 133 133143143 41333.

333 333 333 333 333 331 333 413 3311134 A 154 A 140 143 E 870 A 855
433433 333 334 43 3333133 33333333.

113 113 143 143133 133 313333 3141111333 3131111433 '8518 3133.
333 333 333 333333 358 333333 , 3313313133 333134 Σ 331 3 85. ·
384 405 413 488 448 478 500 514 Ὦτος 8 385. ·
558 555 578 333333 333333 535 11311333 -Ὦωυ (1411131131) 3313.
333 333333 588 785 111 45 101 3334131 (13113313) Ψ 334 513. .
184 130 810 314 817 848 875 301 3333131133.

333 355 355 383 433 433 433 433 3113333111 1 333.

480 508 587 548 558 584 585 538 ‹470081'35-

535 344 333 313 333 331 334 333 ,31114114433 3133 1133 1373 3143.

770 827 855 862 Ρ6 33 43 68 82 Ὠπος (Πεισηνορίδαο) α 429 β 347 3148.

*—

 

