870 Γ 13 Δ237455456 Ε475 543
(-ῤ4413131.2) 656 673 834 Ζ 16 27 57
225 293 Η 446174 8213 4291 522
524 559 573 Κ 113 187 215 295408
483 506 A 80 81 264 540 594 693
7030) 827 Μ 24 93 94 98 104 151
159 278 287 436 Ν 65 85 333 337
Ξ 189 427 0275413665 Π366 633
635 Ρ68 172 260 280 631 733 755
Σ595 Τ 105111 Τ18 156 210 352
374 Φ 20 611 Χ 424 494 Ψ 174
234 311 399 Ω 167(1) 256 338 366
400 456 494 498 512 546 653.
τοῖσι α 28 146 325 367 423 615 157
224 409 γ330 338 362 415 417 474
11183 335 ζ28 η47 0121 4168
224241 1287342 324 374 ξ471
3166457 502 ρ 71 100 151 184 369
σ 253 306 405 422 τ 103 126 430
437 508 υ 185 350 φ10127οχ205
318 321 461 ω 225 442 451 50244 58
68 101 247 348 Β 76 142 336 453
565 568 652 Γ 96 303 455 Ε 395
420 H 136 164 165 167 314 354 365
383 445 Θ 262 263 265 Ι 52 173
179 335 533 622 Κ 62 203 219 233
274 A 13 624 Ν 156829 3109 347
Ο 42 281 321 668 699 Ρ459 494
628 753 Σ 249 316508 523 545 556
Τ655 76 Τ36 Φ287 Χ167 Ψ17
29 108 109 153 566 758 889 Ω 62
103 125 445,

τοῖσιν α 9 151 β 163420 7386 67
339 658 660 773 η 185 212 233 94
25 59 421 ι 112 335 33115198550
5615661335 μ277311324394 1116
171 ξ337 3292 1149 215345 363394
406 ρ 130 σ42 50 290 349 412423
4148 υ 242 244 247 270359 φ140
143 269 χ69 217 13146 293 ω422
469 A 269 450 479 571 8411 805
Γ 188 275 A 270 396 Ε 777 11347
Κ 59 414 Λ502 Ν 689 Π 166 Ρ705

512

τοὺς 11 40 49 348 478 θ 61 498100
193 291 331 370 407 427 467 348
125 218 284 449 1 34 122 250258
μ 243 ξ 17 35 272 ο 133 147 482
π 297 475 ρ 88 215 254 441 τ513
v 164 382 φ 190 χ 34 42 246383
ψ 57 269 371 ω 4 418 427 429 459
493 533 Α 191 409 Β 55 314474
476 681 744 Γ 207 243 293 Δ 227
233 241 255 283 292 301 336 364
439053) 11148155 163 241 271321
519 590 711 862 Η 17 129 382479
Θ 211 350 434 Ι 499 670 K 97179
190 287 302 322 Λ 99 148177304
323 333 341 367 406 426 686 701
Μ 67 195 331 424 Ν2 83 88 94
134 433131 314313) 13 333 333
304 379 506 O 7(bis) 67 343 455
595 Π28 96 263 431 697 Ρ219533
Τ 377 Τ 54 [135] 454 Φ 3 29 237
Χ 18 Ψ 182 348 572 Ω, 260 341
477 497 605 612.

οὑμὸς, ὤριστος , ωὐτὸς v. s. v. 4363,
ἄριστος, αὐτός. ’

τότ 283 υ 381 A 116 325 3873 Γ55
1128 Π55 Ρ417 Χ301 ι1133211852.

τὸ β 46 (1) 187 65080313 3185 3370
333333 κ 133 44433 μ 33 3333
682 1470 487 v 52 83 220 φ337
χ 280 ω 296 [1167212 228 234 563
13257 Δ323 Ζ407 1191 9401451
I 422 706 Κ 256 Λ 267 405 846
Ν 408 564 565 597 037207 11346
349 457 611 675 Ρ232 527 Σ549
Τ63 161 376 Τ440 Φ 13 261301
437 Χ 163 275 Ψ328 672 876.

τοῖο A 493 (ἒ -) Π 472 Ω 31 (iz-1

1311374 (ἒκ-) mun—>5182 1325

1331 3) φ 113 313 H451 433 3333

143-3 1106 (ἐξ ἔτι - ὅτε) Ν 779 (b

- 33 13) 3113 ο 33 (31 -) 331

(31-) T 311 3 333 44333 334

106 (vid. τοῦ relat.) 235.

133343433333311333. 1 τῳγ3ο3ε333 3ο3η3333131443
τοῖς) 33 333433 3 333 ε 3333133 1341 υ 13 3134 1³28 3333 341
,1333 433 ξ 33 433 1133 334 334Ι 133 131 333 331 143 Γ 133 4331
- 4331313311331333(3)φ13ο1 3313333334334134334333
334χ131343331ω344334343. 433 4433333333 43333 3111.

597 Β 433 516 524 680 733 7471 250 076 Ρ401 Σ 85 760 8998
Δ 153 Ε 131 150 820 Η 170 324) Φ577 166 11359 410 471 Ψ87334.
1 93 417 684 Κ 63 196 241 330 τό y 346 η 167 9 143 446 ν 159

A 120 Μ369 372 Ν 753 Ο 134 ξ119 392 283 11302 (1401568
Ρ384 74οΣ 103 10405 ι14342 11252. φ 110 126 A 120178 Γ 17601308
τούς 3 274 π 404 v 187 1194 7340, Ε 827 853 Ζ 167417 Η 2390) 281

 

