659

πᾶς.

X 15 422 424 Ψ 843 Ω 113 134
748 762.

πάντεσσι θ 21 167 538 μ 337 ν 292

301397 0178 44103161 0159 450
0317 048 χ 131 247 ,4288 1191)
598 K 945 279 Σ521 7100 104
109 9359 πάντεσσινβ 166 175 ν 302
11173 4447044491 273 359 η 10 039
305 479 554 419 4438 1134 353)

660

434434 4304 404 4340 4400 444
4444 434 404 400 343440 4 44
440 434 4403 400443 444444
4 440 4344 434 004 4403 400 444
4304 404 404 4 434 44330 4 434
4444 040 443 4434 444 444404
N 034 440 444 440 0400 4444
913 4443 0444 44400440 444344)
ε 403.

μ70 ν 298 402 ξ 366 423 0255 550 πάντων η 220 44259 ξ428 5131 χ48
Ι 44030 0443 4444 9107 (1). .
203 353369 412 061 981 A5 289ζ πάντεσσι Ξ246 πάντεσσιν 0439 πάν-

59547 4539 550 558 0238 φ 121ἷ

4443 444 04 04 404 434 4404
4 440 300 44 444 0440 340 43444

400074) Ψ 671 πᾶσι ρ 213 545 017
φ 266 Γ 70 91 A 178 πᾶσιν η 51.

Μ 242 Ν 829 Ξ 334 0123 134 368 πάντα 655 205 227 265 306 335 34

546 Π1-94248(1) Ρ213 417 750
Σ 366 Τ314 357 Φ 524 11433, .

πᾶσιν α 71 β 194 0340 6176 183 7773

4404 4400 403 3434 4444 404)
4440) 4 400 340 440 4 40 304 434
4444 44444 44 4430 4404 4340
4444444 4 440 403 4 33 444 444
χ 33 44 A 903 411 440434 0905
440 4444 444 Δ 400 444 40 4433
44404 4443444 4440 03030403
400 44 443 400 9033 044 4 443
Ψ 400 443 404 44 44 344 440.

πάντας α 299 β 91 174 284 330 y 86

434 444 404 344444 0400 400 444
3 33 444 434 4344 444 434 4 403
443444 4443444 μ 33 440 [444]
v 340 300 434403 4 343 404 4340
344 4 40 400344 4 334 444 φ 400
444 χ44 44 430303 444 [390] 994
050 300 4 49 94 430 450 403 590
A 44 344444 919 0000434 A 334
4 043 4 15 190 493 4443 443 440
404 994 0 44 [444] 430 444 44
11 03 444 443 443 300 400 A 959
409 509 M194 4444 44 440444
,4444 400304 400 0440 44 4401
190410 990 340 444 Σ 40 444 343)
4 44 34 440 440 4440 0910 344Ι
44 444 Ψ 404 000 440 044 040 304
44 440 404434 003 400. 1

πάντεςο307 φ141 05 20 7101190.
πᾶν ξ 267 4411 351 (4436 χ404“Κ5401

44333 340 004 4440 0444300 945)
340.

παντὶ χ 94 296 3108.
πᾶν χ 457 Α 294 592 A 111 11461 πᾶσα μ416 v 169 ξ30611780173

4444 444403 4443 4430 4443)
44400 44403.

4

6
368 389 414 γ 62 114 315 457 6209
240 266 379 410 468 494 592 654
(pro adverb.) 738 745 [783] 476136
210 216 219 244 247 300 ζ46 67
93 281 η 94 134 257 θ 54 211 214
318348 394 427 431 468 1123131
149 238 245 (pre edverb.?) 3001444
edverbfd) 338 342 (pro adverb.?) 389
511 κ 16 289 306 404 424 467 1178
443 μ 34 ,303 4 909 (pro 444440) 444
417 ξ 76 431 434 0 12 54 132 156

π 286 388 ρ21 80 534 590 0167 ,

(pre adverb.) 170 230 τ 5 23 93 525
037 336 φ 156 χ 256 ψ 6 198 284
336 ω 25 122 123 303 446 (pro ad·
verb.) A 257 286 367 466 310429
485 Γ 72 93 282 A 320 363 389 (pro
adverb.) E 52 00181 (pro adverb.) 490
807 (pro adverb.) H 207 318 0146

539 135 61 331 442 645 1( 104169 ·

211 Λ 176 613(οω adverb.) 768 M 28
133 Ν 375 729 826 Ξ 171 235 [269]
276 0159 Π499 Ρ64 24361) 716
Σ 328 407 409 412 485 511 790
140 186 226 247 Τ340 Φ 51 235
600 (pro adverb.) X 115 120 491 (pro
adverb.) 512 Ψ 20 96 180 483 591
040 43434 343434 094 5504? 443
4444 4403 (514) 434 μ 3431444) 443
4 300 4 04 5549 550 501 4344 1⁶1
ψ 300 A 305 0043 4444 adverb.)
Γ 2770318) 285 Η 364 391 1369
Μ 176 385 Ρ632 Σ 142 499 1171
(pro adverb.) 271 Ψ 66 (pro adverb.)
44404 4440 4109 4 399 4 044.

Μ398 Ν 13 772 0625 1159 384

, 412 578 Ρ393 650 Τ362 405 1315

πάντα β 78 176 356 410 d 363 417ι 387 Φ 196 375.

 

