, 195 99. 199
119 195 199 199 199 145155191
199 199 194 199 199 191919999
999 999999 995 999 919999 999949
99954949 49 99 99 95 9999
199115 199 195199 159 119190
193 199 199 999 959 959 999 999
994 995 994 999 999 999 995 999
994 994 949 366 366 394 404 419
499 499 495 499 459 495 491 499
499 599 594 595 599 19 99 95 44
451994) 99 99 91 99Ι 195 114 199
145 149 159154 159 159199199
919919 999 991 991 999 999 999
991 994 915 999 999 959 999999
995 396 401 415 499 491449459

499 495 449 459 519599 994 911 613*
1161431661611161611969169333
994 999 999 995 999 999991991999
166 196 909 914 955 999 999 999 9599
390 400 406 411 410 460 469 9 49 941
94 99 99 94 94 199 119· 145 151 1660
909 946 961 969 904 960 961 991 316k
336 949 999 999 995 459 499499 599ι
549549 551 599 599 591 599 1911
99 91 99 94111 199 194131141 159·
194 195 999 919 910319 495 4904437
451 494 413499499 Ψ 14 99 1991
149 963 303 304 399 999999 361 999ἰ
999995) 999 999 449 499 499 499 494
599 599 599 549 559599 591 599591

999 949 999 994 999 999999 995991
949 959 44 19 99 199149191 113
111 994 963 996 319 306 310 311 391
9999119) 419 430 469 463 419 499 696
631 661 603 666 614 690 666 666 666
196 166 161 116.
66 6 99 99 99 59 99 199 119 199 191
· 136 141 140 141 146 946 959999
911 966 399 394 396 339 955 999
999499 499 449 6 9 9 14 99 95
99 59 60 93 119 134 149159199
199199199 161 199 190 944 966
966 999 330 340 945 991 999999
499 416 419 496 499499 64 9141
49 99 110131161166161 199 199
199 199 199 190193 999 969913
999 999 995 919 999 999 999 999
954 959 999 419 499494491499
449 459499 494499495 499 499999)
9919191999999999414954
59 199 194199(914)199 163166900
919 914 999991 951 959959 959
991 999 999 999991 994 999911
919 999 999 944 959 999419 499
499 449 459459 454994) 495595
599 519 599599 551 559599 999
999 915 995 999 994991999999
999 919 999 991 19 95 49 99 99
99 99199119159 191 199194 199
199995991959959999999 999 999
995 991 999 999 994 914915 919
999999 999 999 949 313 314 316
. 999995 391 403 411 419 499495
444 (9) 451 4594551919) 499495 19
9919 19 99 99 99 99 99 59 5999
99 91 9999191 141 155199199
190 916 996 930 934 931943963
966 99906) 993 306 316 319 112
91 49 54 91 19 61 66 90 9599114

ἓ

1

461 454 499 499 494 499 499 491
636 641 649 (99) 549 549 595 414
19 99 49 59 99 99 99 99 195111
119 199 199 149 199 199 199199
991 994 994 995 999 941960969
995 999 994 915 999959 366361
959999 [3101 313 366 391 999449
464 496 606 616 619 691 599599
636 541 544591 599 599 14991)
11 14 99 99 99 99 49 49 49 5195
199 159 199 191 195 999 995999

, 237 244 245 250 260 266 285 969

304 306 301 339 349 959 999 319
494 439 443411 599 599 549549
549 555 599 599 599 599 594599
599 991 999 999999 949 μ 6 46
999991194199149199199199194
919 999995 995 941 949 949949
963 911 301 911 919 914 991995
999 949 959 999499 499 419419
491 499 v 94 96 36 99595491
16 16 66 91 106 199151 191199
164 166 116 161 164 960 969 999
999 999 301 396 361 369 954955
995 999 994 999 999 404 499491
436 ξ 14 99 91 94 99 99 41 99 95
1191199955) 134 131 136 160 900
906 911 999 941 961964 966961
999 994 999 999 991 999 949951
364 410 499 499 444 600 591 599
599 599 599 599 5 4 19 99 99 99
49 59 991919) 99 94 99 103104106
119 115 199 199 199 131140141
160 164 106 169 16416646169196
901 931 931 961 913 914 964 966
966 990 [995] 999 911 919 995 999
999 999 999 999 999 415 419494
499 416 496 499 696 691 699 669
π 4 5 19 44 46 49 99 99195199

 

