567

33 33 444 424 433 222230 234
324 333 333333 443420 3 24 44
34 34 423 424 442 433 433 434
232 234 243 233 303 343 343 444
424 444 432 433 433 434 333333
333 3 44 33 423 433 434 433 433
224 223 233 305 324 333333 φ 42
433 233 344 330 χ 43 50105135
153 440 434 320 344443 433300
344 404 443 123 123 443 233 234
233 5 23 35 105 120 132 155 153
191 223 232 243 244 230 302 343
324 330 344 333 343 403 430 340
343 A 44 34424 430443 442203
233 232 323 403 443 423334 332
3 43 43 33 30 433 433 243343
333 333 333404 Γ 24 30 33 33
444 434 433 223 322 330 Δ 23 42
30433 433 200 233344 344 343
333 333 333404 403 444 434433
440 303 323 324 3 23433) 33 43
43 33 42 43 32 33 33 403 443 443
433 443 244 223 234 243 233304
344 444444 333 343 333 332 344
333 333 333 443323 344 333303
2 44 33 422444 434 433 24340
324 323 332342 343 334 344320
H 33 34 34442 433 433 430244
233 242 233 234343 434 0423
443 434 303 243 234 243233 232
344 324 332 342 432 434 323 333
433 114 432433 302 303 [433]
303 343344 303 344 343 343 343
44 34 33 42 30 34 44 33 402 443
423 423 433 443 430 434 433233
233 234 243 332333 333 332330
400442 423 423 443 443 430433
334 553 551 A 23 33 403443 443
· 433433 204 240243 233 343 343
334403 443 434 343 334 333303
304 343 333 402 442 344 322334
334 M 123 130 230 400 447 0131
43204 243 243 224 234 243234
233 233 244· 303 344 333424 434
433 434 333 343 330 302 333344

ι 765 774 Ξ 41 52 64 82 103 155

263 280 300 329 330 362 409416
428 446 493 519 0 12 29 65 200

568

258 288 293 346 352 474 509 591
617 635 648 682 700 713 715 Σ3
10 22 57 59 82 89 94127 163 183
196 284 360 361 372 428 438440
448 581 T 28 52 96 106 109 125
145 154 184 185 198 215 228 261
331 404 419 1‘ 19 86 103 177 199
234 290 309 386 393 394 408 413
430443 433433 4326333 444 443
486 Φ 49 90120141 149 152 159
181 201 203 207 222 262 416 461
470 511 602 Χ 14 25 37 59 177
191 200 201 226 249 260 280 336
337 344 355 364 376 463 496 Ψ62
93 184 246 283 295 325 336 354
438 465 473 482 534 586 681 703
748 794 828 829 Ω 17 23 35 55
170 242 352 372 378 386 388 389
391405 410 432 435 485 500 552
559 587 634 649 659 668 702 719.
τώ ε 226 0313 ν 439 χ379 A 304531
Δ536 Ε12554 Η22 Λ136 Μ277
Ν 302 3405 Χ 90 314283 710.
4361482137148484494 6200296
360 4430 κ 117 ν 372 0 192 301 331
333 ρ 200 089 331 φ15 188222
244 χ114 181 187201 378 ψ 300
40 101 153 24327 331 338 347 6217
833 Γ 263 313 448 41274 Ε 13 221
233 275 366 550 556 559 568 768
Ζ 19 Η7 255 306 045 115 136
I 182 192 K 272 354376 449 530
577 Λ129130281324331519642
782 Μ 131 135 145 330 Ν 301 345
385 584 708 Ξ 281 284 0150154
416544 Π 326 337 470 475 476 756
Ρ381 432 457 492 Σ 582 Τ47 Φ 298
426 Χ 165 400 Ψ 284506 685 54 331
473 509 609.
τοῖιν 034 Λ 110 Ν 66 Ψ 336.
τώ Α 330 Ρ441.

343659 6221 13272 553 561 574 610
Ι 196 Ν 706 Ω 281. ,
010 26 157 211 6277 0353 427 670
98 33 163 64091107108461
κ341524μ73373212οξ24 26 61
0411592 3230 χ 2520) ω 497 A 382
3281 Γ73 94 256 Δ 1 260 308429

246 253 273 298 330 331 393 405 Ζ 41 402 435 H 443 Ι 1204 Λ 75

417 418 440 471 572 578 694 7451 156 524 560 658 693 825 (300441. οἳ)
Π 5 20 48 53 191 289 316333 3834 Ν 128 169 540 Ξ 274 368 Π 697

439 440 465 543 597 606 619 626
744 789 805 843 858 863 866 Ρ8
18 33 80 851613) 116 127 169 198

763 Ρ370 Σ 503 583 Τ83 345 123
75 Φ 353 371 518554 X 380 Ψ160
229 500.

 

