399 9999999 - 199. 499

199 199 914594 1199 999 11499 599 599591 914 999 959 999449
499494 499 491 491 599 559 599 491 599 999999.

A139339 595 599 915 999 999 1999999 9 515 1591.

11459 99 1191994 9999 999 9459 19999599 4 999 4599 19999 9 999.
17 397 370 995 999 999 999999 1999999999949919991999999999999.
999 9 499 944 9159 999 9991 199999 9 99 199 919 959 399 397 495
394 499 49911199 49419949 999 419494 91919999499991999
999 999 999 911991999 999999 4919919991999119151199
999 495 459495 499499 599599 199 199 1199199199149199 199
559 599 9 999. 999 549 4 519 955 959. 117 7733
733719449 526727801501949436 Ψ89.

9999 9499 9999 999 4149 991 ’1999991999 9 9.

599 9 19 49 199 111 193 909 997 *199999199999

949 955 999 999 999 594949 995 ’1999919999111999

951 z 19 999 511 1115 19 949 999 ε1999991999 314.

100 191 199 134 914919 499 1499 99999999 T 399.

11999 499 519 599595 4 94 199 9999999χ194 9999 9495 449 [491]
149 159 199 999499 999 11999 11199.

11995 999 19495 9999 999 454 1999999199.

19 949 495 999 739 749 733 994 910 1999 A 434 91999.

9195 400 479 499949 9591 9159 19999 9. s. v. 199919.
3994914919191959858998419999999199999.

1151 999 959 459 499. ’1999 1159 999.
199999 99 9119 4999 A 199 0990 1994 9 99 1199 Σ 919.

99911994 99919995495999 19999994941999999911599.
Ω 449 ἵπποισιν δ 533 Β383 A 997 ἴρηκεςεθθ ἰρήκων Ν 819.

9199 919 9949194199411999 19999549.

14114119 9459 2937 9999 9999 1999999 A 97.

999499 449 1999991154 9499 9919 ³109ss 799 790 793 9191 199 11959
499 994, 995 399 9 499495 4195 199 910
1999999999 495 479 499 099 33 9199199999 2199193190909
39 390 9919999949 91 143 190 91999919199995159199.
903 913 9 99 99 9 944 A 154 ’1999999 A199 955 144137 41119
9554 9119999999 4999999 149 ’1999999 4199 9159999
999195 193 939 940 991 999 21999144. ·

973 391 393 399 339 939 393 399 1999 (99999.) 9919999. s. 9 19999 919959.
391 931 790 739 749 739 733 799 '1003025 99 73 99 999.

773 999 94111949 94999119 119 1999 9999 334 ”199 9 39 73 ’1999 9 9
199 159 199 954959 999949 914 99919991.

399 399 399 409 419 439 499 499 1ςφ 999.

449 599 549 1199 995 999 11995 199499 991 1999 9199 9 999 9 499
999 999 499 494499 499 599599 (11919) 99 99 403 3 199 9191 199
599 545 559559 994599 449 197 2334 A 999 M 390 0393 9739
199 999 990 999 499 497 313 319 9339 91 790 1999599 1911949599
599 591 999 999 719 739 959999 11945 11999.
919999951111991941194999 19994919199999191.

499595 919 9:499 9119 959 954 1991199919) M 433.

993 449459 999 11149 149 197 309 19999999 19 907.

719 794 799 739 919 495 499 301 1119999999 z 197 903.

914 994 999 Σ 944 999 9944 9911999999 9 999.

999494 9 499 9199 591 9 9 11419999191999.

19 99 191 191 999 991 994991999. 19999999 4 999 1141.

994 941 951 959 999 499 499 4991999 9 999.

449459 459 499 499 313 314 319! 19999 χ 91

 

