675 Περαιβοί - περί. ι 676

πέρ α 167 188 204 6 376 379 468 ζ 325 έπραθον ι 40 διεπράθομέν Α 367 ἕξι-

3111 403 1 113 ρ [140] ν 110143 προέθοραο A 135 έπραοον Σ 454 34-

4433 ρ113 530 ψ 53 A 353 503 πραοοο 3 514.

4159 33404111130 3113141 διαπραθέειν 1111 1531 Σ511.

14 7 115 335 A 113 Μ111 04434 1οεσρ11ιιο ο 334.

333 011111 11513 341 Σ 113 πέρσαι 11103.

311313330014131. πιριρ111 π3 ρ141η145 311111)
Περαιβοὶ Β 749, Ρ760 1168.
περαιωθέντες ω 437. περὶ α 63(bis) 135 235 405 β 3245
περσιιη ρέα -) ρ 141. 111 ρ 11 101 411 3 1011010113]
α’ππεροιρ ι 311. 303133 303 314111111 ε 13 33

περόοσι 1 101 ζ 111 ν 111 παρόρια 110 111 310 314 4133 153 310 η31

3 113 ἐκπερόωσιν η 35 θ 561. 87 95 108 110113 191 3 44 33 225

περιαν ε 1143311 11131. - 1 131131ι141144134331334315
περῶσιν ο 133. 1 401411433ι13141045443114ιο]
πέραον 11 131. 1 544 141 111 113 133 403 411 414
περοασιε ι 430 4 443 , 5531513) 303 143 413 σ131131
περησέμεναιΜ 200218 περήσεινΕ646. 1 ξ 146 270 308 433 473 528 0 60 245
ἐπέρασσα 3 409 ἐπέρησε Φ 594 ἰπέρησενὲ 347 π 210 441 457 ρ-203 261338
3 331 7440113344460 310 πέρησενΙ 311133331431411411551σ31
A 503 έξεπέρησε ιι 131 11143 έξεπέρη1 101 303 403 ι 153 313 333 337 370
σεσ Ν 351 παρήσομεν ο 113. 130135 333444 σ14311οι15ρ141

περι-ησαιι 153 Μ 51. 11 14 11 53 113 [143] 153103113
ιιερισιν ο 454 413 437 500 A 335 153 131 103 311 ’
πέρασσα Φ 102 ἐπέρασσας Φ 78 έπέ- 417 448 Β 19 43 305 389 416 750
ρασσε Φ 40 πέρασαν 0 428 πέρασσαν 757 831 Γ 137 330 332 384 408
ο331.ῑ 445 53 311 357 375 3335 533 331
περαισηπ ο 453. 1 113115311011141111101131
περάσειε ξ 111. 1 015 43 35 151 475 435 511 113
πεπερημένος 053. ¹ 53100431 14 31 33111 111131
περροιροαΔ5ο31511 1111. 101 140144 A 17 13 1031 31111
11ερηο1ριηι 3443 430 Πέριμον 44 100. 315 454 515 551 551 301 100 1454
περγοσισην 3 535. 143143 170 177 315 337 343 337
2140an 535 333 43 151. 103 111 401 413 434 1115 77 111
πέροονπε Σ141. 103141 145 114 410 441 431511
’ περθομένη 11 114 A 331 Ν 313. 554 510 331 111 133 1115 131351
π1ρ3ειο M 15. 333 333 404 413 0 13 334 413413
έιπέρσει Σ 133 0 110 έππέρσοοσ’ 555 301 343 353 101 111 104131
3433. 133157 133 315 443 533 341344
σε’ρσειν 0534 ιιπέρσεισ 1401. 4 570 330 735 153 151151341 14
πέρσειαν 43 733. 3 33 110113 137 147 157171 133
πέρσα 1 111 έπερσε α1 πέρσε 111 143113 333 115 355 311 411 353
πέρσεν z 415 A 315 1133 οιέπερσε 134 Σ 33 31 115 135 113111114
ι135 1ιαπέρσαμινρ 110 15135113. 401 451 453 411 543 534 1133
έκπέρσρς Ν 380 διαπέρσομεν Ι 46 43- 362369 371 360 417304 500 Φ10
πέρσοσ’ A 13411 35 105 114151111515335111111
πέρσειον 0 517 70 35 151 153 133 151 411 3113
ι1ισπέρσαι15 355 ἐκπέρσαι A13 3133 37 133 131 300 437 433 433413
0313 551513 333 353 303 0 13 30 51 ,
πέρσας 3 330 47 51 ἐκπέρσανσα Σ 331 31 33 333 403 413 413 433 415444
ἐκπέρσανιό 111133 3713 430 500 543 755 733.
πέρσαντες 3 017 ξ 1έιέέιππέρσανιες1πέριβ38113 η351111101335111
5413. 1 ε1031131ιι131113π114ρ511

περήσω Ψ 11 περησης ι 503 401 η 13 113 1133 131 111 ο 11
1
Ι

 

 

