499 ,119999 - 999. 494

Μαῖρα Σ 48. - ' μακών v. s. v. μηκάομαι.
Μαῖραν λ 326. μάλα α 1 301 312 318 β 200 249 306
11191999 91394. 1 y 99191 199 991393 411 0 95 99
919499194399. 499 449 909 911 9 131 993 341 393
99999999 9 911 Λ 99. 499 191 199 993 941914 394 319
99999 P 199. 1 9 194 9193919139141 199 911
9999999449991433 931991341 313 319 393413 941 993 133 134
4499 94191 9199911143 954² 13991111994414993139 399313
99399499 99999999931 9 919991 j 939 991 9 193 194 993 913 491 9 9 99
9999(919199999999991)Α399 93119 191 939 999 999 ξ 199 919 931 991
9999199999 9 99 9199 9193 9393 9991 399 391 419 999 9 914 999 491 999
9499499933499193141319 919191491199934939149994
939 9994999999914 9939999991 9399 149 319 9 19 113 199394 394 939
9311311. , 99119191391939939199919
999999199999941931433. i 334 χ 13 93 119149 119 119 199
9999999999 9 399 1194 199. , 1 333 413 9 99 141 119991 999 9 99
919999999944. ’ 199193114991394 499 A 95 159
9999991199 9 933 9199 9 311. j 179 917 919 331 419 3 999 199 199
9999993999 9 199. i Γ 14 99 99 914 91999 999 933 941 999
9993994199 9 959. 997 919 979 4949191419411419
99999999 9 193. 919991949119 993 z 95 907 11999
99999999413 93919439 943 319 491999 99 199 399 [9911 149
913 9391 94499 349 9393 9199 44 19 19 193 191 393 904 919 949
410M191 991 91194 99119 9149 394 393419 491 499 939 994 14 41
9 499 994. Ι 199 119 114 999991 939 91116313
9999994 9 499. 409 710 M 51 199 91199 997 [319]
999999 9 94 999939 E 934 11 911 311 343 499 493 433 913 999 141 199
9991 999999919993 1949991999 194 133 143 319 319 9 91 999 994
111499111913 9149 9941 0409 999 900 991 444493 949 994 911 999
99999914 499 Ν 193 339 :999 11999 399 399 1194 499 333 997 191 994
999999 9 991 9 07. 979 959 995 999 495 594 571 995 999
9994993994191149141919991 119 193999 994 9199994099101
9391 3144 1139 14999 1113 9191 141399 449 9 94 939 311 411 441
99999199 N 497 9339 99999 9199 470 500 X 199 990 999 407 439 449
9991 91199199 11991 9999999199 954 99 945 991 393999 499 999943
970 9 44 9141 9399 χ 149 A 499 1391911919399999391941993131.
Δ3419419499’(9)9999. 9919119 914913 999394 93191
9999991313 9999999999193999 9939191 119 3393 399 419 133
999999919191919999399. f 999193144199 919 399 349393
μωιραίκὸῙΟ μακραὶΣ276 μακρῇσικ215ἶ 360 ζ 44 56 258 319 932 118 219
11199 999999999939139 9999991 9939339911111991349399911
1131994 N 349 999939 9 54. 319 9 99 313 9119199999997494
μακρὸν (pro adverb.) ζ 117 (ἐπὶ-31 0 199 969 359 369 424 19 113 286
1919191933341199119 9199 9439 941 9991 319 331 399 99
(991-3) 119 Λ 939 19413 449 1493 199391399 399 993 9 93 199 9199
4139349494439119999193199 9199919199131939994991
x 994. 9 991 909 400 519 599 A 179 554
9999994991939999419911913 319 99 941 4441331 419 493
11999 9391319393119349999. 9993 491 919 991 911 9999 441
9999999999 9 99. 11191999 411 9 14 91 191 144
999999949999199. 1 11491339993991139199113
9999999993. 1 1949494134919139499999111
999999939941313. Ι 193 199 9433199 339491 1139
μακροτάτη Ξ 238. 1 149 557 708 829 Ο 230 319 362

 

