l

f

a(

176 111. 176

I 426 435 442 452 510578 604611 6131 119 125 127 129 136 145155 161

116146166161116161166116666 166 166 174 162 163 131 213 266
264 263 330 366 366 61666166 166· 161 166116 166 166 616611 616 641
166 136 203 214 266 267 230 302 366 3636 43 47 46 63 70 66 36 36
336 400 406 417 416 466 466 046 64¹ 107 116 116 116 116 166 111 166
14 16 66 64 64 166 111146 161 1661 166 161 166 116166 166166 161
161146 161 1611641661611616161 164 166 114 116 166 166666 616
666641 666666 666 466 416 466 616 614 664 646 666 666 664464 410
64164166166166661166114111 411466466466461416461461
66116664111116114161141166 46661666466661646111644
164 166 161 116 270372 466 416446
461464416461466111461166
146166 666 664 611 616 666 661 666
661 (616) 666661 441 460 463 416414
666 620 616 646 666 661 611 630 631
620 641 660 674 6116666611661611
64666161166166146111116

461616) 616661 66166 114 166
146 146 166 164 161 166166166
111 116 116 111 161 166166166
161 164 616 616 616 666616 336
396 336 401 416 422 461441466
461 464 466 461 464 466466 461
666 641 641 (bis) 647 646 666 κ 14
16 20 46 61 60 77 63 37 106111
117 122 133 146166 116166166
201 204 224 236 233 141166161
166 161 664 616 616 666 666 661
666661 [616] 616 666 661 666446
464 466 606 616 613 611616666
666 641 644661 666661 14666)
11 14 16 16 11 16 46 46 46 61 66
166 166 161 161 166 1161161616
, 161 144 146 166166166166161
664 666 661 661 641666661616
414 466 446 411 661 666641646
641 666 661 666 611666664666

177 224 283 296 319 368 370 371 397
399 (bis) 413 430 462 463 472 499 526
531 561 563 588 614 620 665 666 686
725 756 757 775.
δὲ α 26 28 3356 77 102 113 120131
· 138 141 146 147 148 248 250 269
277 285 322 324 325 339 355 367
378 423 436 442 β 3 6 14 28 35
37 58 80 93 112 134 143 157 162
166 168 176 187 192 196 244 265
⁴ 266 292 330 340 345 361 377 396
409 418 419 425 427433 γ427 41
48 63 110137167156167 168 173

116 111 116 130133 203 262 273
236 303 306 316 330 332 336 333
364 367 366 417 422 414 461 461
441466 466 464416 466 466 466666)
61 16111611116661414664
61 166 114 1164616) 166 166 166 166
111 114 166 161 161 166 161 166
161 111 166 166 661 664 666 311
316 332 333 344 363 363 417 423
433 446 466466 464(bis) 436 606
606 616 620 627 661 663 616 666
666 616 616 616 664 661 666 706
703 713 766 731 1616 41 63 63
72 66161116161 111 166164166
166166161161166166166 116 616
166 161 166 661 664 614616 616
611 616 616 666 646 616614 616
. 616 666 661 466411 416 416 466
44416461 4614661616) 466416 ζ 6
6611 161611 166666 666666
61 11 16 66 161 141 166116166
166 116 116 166164 161146166
166 161666) 166 666 616 313 712
21 43 64 61 73 67 66 30 6666114

667 601 602 633'636 640 μ 6 46
166661114111141166166166164
111 116116 166 141 141146146
166 111661 611 611 614611616
661 646 666 616466 403 411416
421 436 v 14 16 66 61666461
16 16 66 61 166 116161161161
164 166 116 161 164 166166116
166 161 661 616661 661664666
666 611 614 616 666 464 461461
466 6 14 20 21 24 26 36 41 73 66
1161161616) 164 161 166 166 200
166 111 166 141 161 164 166 161
166 304 307 306 331 337 343 361
364 410 432 436 444 600601602
620 623 623 630 64 13 22 27 66
46 66 61166) 6614 ,16 166164166
116 116 116 111 166 161146141
166 164 166 1611641661616166
201 231 161 161116 114164166
1661661166] 161 611 616616 66· ·
666 616 616 661 666 41641141

466 416 466466 616 61161666·
64611 44 46 46 636012612

 

