45.

552 525 555 555255 555 524455
425422 425 455 444 455 454 5554
525 525 525525 555 555555 555
555 525 525 555555 771 315 555Ι
52 55 51 55 55 555 554 1333103
334 340 255 313 315 525 555 5551
555 422 455 445455 4 5 55 55
55 555552 525 555 135 153 107
255 225 225 252255 255 252 255
555 311 554 555 555 455455 442
470 431 537 5 13 25 52 55 45 45 55
55 52 55 54 555 545 545 255 255
245 255 255 254 252 555 544 555
555 455 455 455 455 515 543 550.
555 553 554 555 555 555 525 545
555 557 553 555 533 730 734 555
555 555 552 555 542 544545 555
555555 2254554 525 555 545
555 555 255 255 224 225255 255
525 555 454 422455 455 555 445
25 45 55 55 55 55 555 525 545
552 555254 225 225 255 255555
255 555 331 357 353 370 373 431
442 451 454 473 475 31 35 55
73 103 113 135141 153 313 357
353 370 374 317 333 333 345 354
370 374 333 355 415 425 425 455

434 440[4557475 502 524 543 71
53 65 68 69 79 97 100 135 164
168 174 210 216 225 254 277 300
309 313 325 335 406 421 [458]
471 472 499 515 531 550 579 593
597 634 670 701 705 K 1 29 98
125 164 216 235 237 244 255 316

354 414 428 440 442 449 458 487
527 541 548 567 Λ 17 33 36 47
80 84 99 103 108 142 143 148 150
210 229 233 241 267 277 301 320
323 333 341 373 386 404 408 420
426 435 446 462 472 502 523 566
572 596 628 636 660 682 706 742

. 776 783 786 813 825 828 833 834

848 04 1 10 13 14 67 76 84 88
129 131 141 191 231 235 258 288

87 100 125 132 135 149 222 277
282 295 300 301 315 318 329 330
333 337 367 386 390 401 405 413
430 447 455 472 478 515 521 544
547 559 572 634 655 703 714 771
23 25 60 64 101 116 124 131 141
173 186 189 237 239 250 253 282
301 317 326 335 337 389 402 466
472 477 495 517 532 597 610 632
664 694 702 726 731 762 777 781
784 789 793 796 813 Ρ 34 75 82
85 125 193 279 305 331 336 366
396 424 430 461 479 526 556 615
631 649 687 700 705 708 717 727
730 740 Σ 1 57 74 79 84 86 99
112 131 134 140 148 173 202 228
241 252 257 267 274 285 288 298
312 348 354 362 368 378 386 389
408 419 421 425 434 438 450 451
468 472 483 499 527 582 585 593
595 597 599 Τ 1 8 21 30 63 65
79 83 171 203 206 222 228 243
249 267 277 280 309 319 328 365
369 388 Ί’1 13 33 42 49 75 107
136 166 187 206 226 261 269 288
321 324 345 360 370 394 434 445
456 458 462 463 468 Φ 3 17 67
71 100 129 164 186 190 203 214
233 280 292 298 343 383 426 437
453 504 514 519 556 581 JK 1 18
30 49 111 123 149 158 211 222
226 274 299 322 335 340 405 478
482 493 500 508 Ψ] 3 30 48 52
54 58 78 120 133 157 162 174 181
185 200 204 212 237 243 250 262
274 288 311105) 328 368 386 454
530 571 590 634 641 681 702 738
774789798807808817818827851
865 868 876 884 887 892 Sl 2 22
25 44 58 71 161 188 220 229 237
260 266 271 281 289 324 330 391
398 435 454 498 509 534 543 584
599 604 605 610 642 650 673 685
694 719 722 732 740 751 784 791

294 322 344 357 366 400 436 443 εἰ μὲν γάρ 5.5.5.γὰᾳ

469 Ν2 13 20 49 81 143 184 195
213 239 279 301 312 356 404 4211
503 509 514 527 564 578 584 586’
598 605 614 622 636 640 656 673
689 694 699 719 730 738 751 762

45 μὲν 55 41553 52 550.

5 μὲν 55 4 52 5555 4455 χ45 525
5255 ω 525 4454 54 242 A 133
335 043 44 455.

ἐἴ γε μὲν ε 206.

800 4751455 717298119129Ι 5544554429 555 5447743553811157

133 143 155 170 216 224 252 272
286 313 352 361 366 378 382 3915
405 409 446 462 O 3 7 29 40 56;

Α 55 Ε 137 44255 14 415 743 753.
ἦ μὲν τ 255 4252454 44 522 Λ 755

Ξ 275 Τ109 Χ 239.

 

