567

59 88 114 124 155 222 250 254
321 333 365 393 416 420 τ 21 41
87 94 123 127 142 166 186 194
232 257 278 296 308 340 349 414
421 444 452 455 459 491 535559
588 0 44 56 129 133 134 168 183
224 226 235 305 324 338363 φ 42
199 256 311 330 χ 15 60105 135
153 170 194 320 371419 485 500
ψ44 104116 123 129 173 256 261
285 ω 23 35 105120132156 159
191 226 232 243 271 280 302 315
327 330 347 356 375 406 460 510
516 A 11 84121 130 148 172 206
285 292 329 406 413 428 551 552
Β 16 18 35 80 189 199 275 318
369 396 595 701 Γ 21 30 38 58
171 181 199 228 322 380 Δ 25 42
50 183 188 200 265 311 317 349
356 368 399 401 403 411461 463
470 503 526 527 Ε 286576) 36 45
48 65 72 79 82 89 95 106 145146
166 179 217 229 251 276 286 301
344 414 447 565 578 596 632 647
659 689 696 715 825 844 888 905
Ζ 11 63 122 144 161 166 27360
321 325 332 342 343 381 517 520
Η 33 81 84 142 155 186 190 214
233 272 283 287 316 454 Θ 125
145 151 209 245 261 278 285 292
317 324 332 342 462 484 525 533
I 55 114 162 186 307 309 [458]
509 543 574 606 614 615 643 676
Κ 34 36 42 60 64 74 86 102 119
125 128 139 143 150 157 168 235
236 237 248 332 339 363 382 390
400 412 423 426 446 476 490 495
554 559 561 A 23 95 108145178
· 186 189 204 240 248 259 316345
384409 476 487 575 581 599 605
607 645 655 702 742 814 822 834
837 Μ 129 130 230 400447 Ν 31
76 201 213 215 221 231 248 254
259 266 274· 306 311 396 421434
459 467 533 575 580 602 656 671

ι 765 774 Ξ 41 52 64 82 103 155

466 466 300 333 330 303 466446
446446 466 646 0 13 33 00 4οοὶ
446 466 446 333 330 331 333 405
444 446 446 444 644 646 664 4461
446 30 46 66 131 333 646 666 6661
466 446 466 646 664 666646 6464
444466 666 646 666 303 300 P8
13 33 30 3003) 110 444 466 466Ι

0

568

258 288 293 346 352 474 509591
617 635 648 682 700 713 715 Σ 3
10 22 57 59 82 89 94 127 163183
196 284 360 361 372 428 438 440
448 581 Τ 28 52 96 106 109 125
145 154 184 185 198 215 228 267
331 404 419 Τ 19 86 103 177199
234 290 309 386 393 394 408 413
430443 456 458 46241416) 471 476
486 Φ 49 90120141 149 152159
181 201 203 207 222 262 416 461
470 511 602 Χ 14 25 37 59 177
191 200 201 226 249 260 280336
337 344 355 364 376 463496 3¹03
93 184 246 283 295 325 336 354
438 465 473 482 534 586 681 703
748 794 828 829 Ω 17 23 35 55
170 242 352 372 378 386 388 389
391405 410 432 435 485 500552
559 587 634 649 659 668 702719.
τώ ε 226 6313 ν 439 χ379 A 304531
Δ536 1212 554 Η22Λ136 Μ277
Ν 302 Ξ406 Χ 90 114283 710.
4646148 γ 137 148 484 494 δ 20 0 296
360 4430 44117 ν372 ο 192 301 xl
333 ρ 200 689 431 φ 15 188222
244 χ114 181 187 201 378 0300
ω101153Α327331338347 11217
833 Γ263 313448 Δ 274 Ε 13224
233 275 366 550 556 559 568 768
Ζ19 Η7 255306 Θ 45 115136
Ι 182 192 K 272 354 376 449 530
577 A 133 130281324 331 519 642
782 Μ 131 135 145 330 Ν 301345
385 584 708 Ξ 281 284 0150151
416 544 Π 326 337470 475 476756
Ρ381 432 457 492 Σ 582 Τ47 Φ 298
426 X 165 400 Ψ284 506 685 52331
473509 609.
τοῖιν σ 34 A 110 Ν 66 Ψ 336.
τώ Α 330 Ρ441.

456 59 3221 3272 553 561 574 610
1 136 Ν 706 33 281. ,
67 α 26 157 211 8277 7303 427 4170
98 ε3 ζ63 64091107108461
κ341524μ733734120 ξ24 2661
6411592 4230 χ 2520) 46497 41382
8281 Γ 73 94 256 Δ1260308429
Ζ 41 402 435 Η443 Ι 1 204 4175
156 524 560 658 693825 (3666147)
Ν 128 169 540 Ξ 274 368 17697
763 Ρ370 Σ 503 583 Τ83 345 131
75 Φ 353 371 518 554 X 380 41100

 

