θυμοφθόρος -· θυρεόν. 382

666 1196 666 616 911111 1 150
159 919 915 391 6 19 66166111
395 5 53 111166 159 6169 591
551 0 61961169 6 116 611116
611 6996111616 696191 611
116 166 6 139 313 319 A 153 199
593 691 5 196116161 1161169
999-313 350 z 955 961199111 11 16
66 11 161 116 390 616 [969] 616]
199 399 1611161 696 161 696
666169 11119 191 111 619 669
Mmmmemmu
555 913 699 196 019 91 166 696
619 161 11 161 696 111 69 161 196
161111 Σ 96 116 161 161116 5109
116616 111111119619166 0 395
395 11 119 919 161916116 Ψ 66
919 595 500 511 990 59 196166 611.
66666 9119 5 915 6191 6 55 6161
111 6916 A 661 1191 1919166
1661191 1111 Ψ 61 595.
96666119199911919661 619111
191116 6119116919 611 166111
161 159 950 530 6 16116 116166
6116916161 9166 696169169611
611 6 111 161 666166 501 5 315
353 16661 191 161 996119 6 66
111 166 111 6 115 151 993 399 319
6 119 116616 691 116 196 61 95
139 159 191161 5 95 99 35 99 955
305 331 319 616696 6116166 116
919 330 390 105 6 11 116169 616
195 66661 691 φ 166116116
[1161661666 χ 11 611111116199
166 116 161 169 6 99 166116 691
611616111196199111116166916

6691161661699116 61116196
6 19 69 χ 919666 A 135 191196
9 66 A 159 531 11199 696 616
1 111 6 169666 1619 669 616
11191 A 99 911196 111 159 91116
,6116 0 153 119169 1199196199
119 551 559 Σ16 16 1161619
111116169 053 191111661 1196
61169169 11616 619 666669 96666
619 191 6 99 6116 5 161666 666
666 961161] 6 166 916 96 116 6 69
16 999 319 191 6 6966116161
619161 199 166 166 μ 969 6116
119619 1 16111661166166 6961
619166 5 935 999 6 166 166696
6161199111 111 161 6 111 953
319 961 999 6 61 99 166 φ 61 916
6161 61611 91 169661916 6196
A 905 913 199 55119151109
Γ 96 696 196 1199 909191 591
1. 166 911616119616616611616
616691 191666 661 969 z 15 51
11161 11161 119 699111 119
1169 166 966 196 661 519 535 515
11 11966 159 195 505 A 991 991
133 599 901 111169 119 166 116
66 166 116166161 661669 161696
171916 101 151 315 169169161
091 96 199 611 196 666611691
6611161161 119 119 119 166 116
355 159 619616 955 666691616
951 111 116 116196161 616119
Σ 99 99 113 116161 166 119111
119 61 199169166 1116111119
196 11661691166611116661119
119 111 116 196161666.

3223 589 Γ9 139 412 11611166 θυμοφθόρος τ 323.

243 826 Ζ 157 167 326 417 486 524 θυμοφθόρον 555551099 κ 363.

H 9 314495 189192 839 138 430 θυμοφθόρον (ἄχος) δ 716.

1109 321 436 [459] 537 598 Κ 69 θυμοφθόρα (999119.) β 329 Ζ 169.

205 234 447 492 [531] A 310 520 9όνον1’(α) Ε 96 A 188 203.

555 608 Μ 228 Ν 82 163 337 386 ’θυνόντων K 524.

485 623 670 Ξ 50 67 132 156 158 3111691449 Ε 87 250 A 342 570 Υ412

191 207 253 306 337 0155 212 299

493 θῦνον Β 446 Λ 73.

561 566 661 674 Π 55 206 255 529 θυόεν (νέφος) 0 153.

544 646 Ρ 254 404 451 488 603 625 θύου ε 60.

664 Σ8 53 224 397 Τ1646 287 312 θυέων 0 261.

2121 195 Φ 65 177 270 423 456 θυέεσσιΙ 499 θυέεσσιν Ζ 270.

574 Χ53 70183 224 Ψ313 548 894 θυοσκόοςφ 145 χ 318 321.
9119 91 140 236 283 491 523 672 θυοσκόοι Ω 221.

748 762 778.

τεθυωμένον Ξ 172.

96666 61191616 6 116 166 9 111 966611 v. s. 6. 9666.
119 619 6 111 166 196 666 966616 9666666666 X 99.
161111 111161166 1116 6 196 9666666119 616 619.

 

