09

310 13 333311 431433 314311 333

331 333333 333 143.

413 a 3 1313 33 33 41 33 33 33
133 113113 111 131 133133133
113 177 331 333 334 333 343 331
3333314) 333311 311334331 333
334 331 333 333 331331344 333
333 331 313 333 334 333433 431
433 433433 3 133133 34 43
33 (311) 33 34 13 31 33 134 133
131 133 113114 141 131133133
133 133 133 133 137 133311313
313 313 333 333 333 343 333 314
333 331 333333 331 313 314 331
333 331 333 333 333 334333 343
333 333 313 433 413 434 y 3 3 13
33 31 44 43 41 33 33 33 33 31 33
33 31 113 133133171 133133
131 133 333 334 311 311 334331
333333 331 343 343 331311311
333 333331 313311 333 333333
343343 343331 313313 313 3313314)
331 333 433433 433 441431431
413 413 413 [433] 3 3 3 43 43 33
33 13 13 33 31 33 34331) 33 33
34 3333133133 131 111 133143
131 114113 113133 133 134133
131 33333111 303 (313 313 333343
333 333 3113314) 313 3333314) 334
334 331 333331 331 341333313
333333 331 411 413 4133311) 444
433431 433 433 413 433 433431
331333 333 313 333 333333 334
343 343 333 333 333 313 313 333
333333 333 314333 333333 343
344 343 333 331 333 333 334133
113133 141 143 143 133113113
777 313 313 313 333333 333 333
334 ε 3 13 33 43 43 34 14 33333
34 33 113 133 133 133141134133
[1313313] 1333111) 134 133133131
133 313313 313313 333 3343311)

333 331 343 341 343 334333 333

313 313 333 331333 313 331333

333 333 334 331 333 433 414 431

434 433 443 444 441 443433 433

433413 413 413 33 3 133313) 13

33 33 31 33 31 31 13 31333433

31 331341131341313) 131 134

143 144 143134 134 133113 111

131 133 133 133333 331 333331,

343 333333 33333141 311 (311) 331,

333 333 333 333 [313] η 13 33 43Ι

44 31 31 11 13 1434) 11 3333 311

καί

410

34 33 33 133 1133311) 113 143 131
133 134 133 111 133133131133
133 334 313313 313 333331334
331333 3333313331313333333331)
333 333 311 314 333 333331333
333 341 313 33 33 33 33 33 43
31 33 13 13 33 33133 133 111
113 113 113 113 111 113 131 133
113 133 133 131333 333 313313
333 333 341 344341 343 33331411
333 311 333333 331 333 334313
333 331 413 413 413 434 431 433
433433 433 433 313 313 333333
333 343343 331 333 3333314) 331
333 313 311333331 334 13 13
13 13 31 41433331 33133133
133 133 113 133 133133133133
133 133 113 341344 343331333
333 331 333 333 333 333 333 334
341 343331 333 333 311333434
414 433 443 411 413433 433313
313 313 333341 333 331333333
4331314113333433333 33
33 113 143 133 131 134134133
131 333 333 331 334 343 343 331
313331 313 333 333 333341333
333 3333114) 333 103 103 107 113
431 434 431 431 433 433433 413
414 [411] [413] 433431 434433
311 331 333 344333 331334333
1341333343113133134
134 133133 133 111 143143133
131 113113133 1333311) 13131141
331 311 334 331 334 331333331
333 333 333 313311 313 3333114)
343331 333 313313 331 333411
431433434441431433431433333)
433 333333 334 341 331333313
333 333333 334331 313333 333
11433313 14 13341) 33 33 3134
4143 31 341333 33 117 133
133 113 137 133 1111333333111
311 313 313 331 333 343333 333
313 333333 331 343341 3333311)
334 331 333333 413 433443 ν 11
33 33 41 43 33 33 33 13 133311)
13 133 133 143 143144133111
133 133333 333313 314 313 313

Ι226 246 248 256 274 291 298 307

331 332163) 358 368 370 378 380
403 400 411 418 437 ξ 0 10 11
12 40 44 45 46 47 51 53 62 86 74
84 85 111 116 119 128 131 140
145 146 147 163 164 168 172 173

 

