699 700

, πολύς.
πολέας γ 262 6 170 61427 11559 Β4 πολλὸν κ 359 1450 17 Ψ 320.
Γ126 Δ 230 298 385 Ε804 Ν734 πολλά α 129 1175 ξ231 (1422 178
066 Π827 1313 Φ59 131 11204
479 520.
πολὺ ζ 86.
πολέος 0405 6 25 1124411597 Ψ475
521 562.
πολὺ ψ 156 πουλὺ 1 387.
πολέεσσι σ 123 v 200 πολέεσσιν ε 54
πολὺ (616 adverb.) οι 113 β 48 167 y 356
6698 ζ39 0129 197 221 284 543
1228 276 449 537 κ 396 1239 310
358 515 621 6109 ξ 220 696 1189
246 445 631 328 4040) 583 υ 316
381 φ154 325 χ289 353 61517 111120)
167 169 229 581 Β529 577 580 702
769 817 Γ41 Δ 51 56 307 373 507
Ε 201 378 Ζ91 125 158 272 1128
105 162 268 8144211256 1250 700
Κ 557 Λ162 217 236 Ν161815 13442
461 6165 161 116446 641 16616)
641 664 411411655 1166 6 [135]
368 434 Χ 40 103 108 233 459 Ψ 288
386 429 572 577 Ω 748 762.
πολλὸς ψ 250 305 11156 Ν 804 Σ 603.
11116 T 61.
6066666686 πολλὸνι 164 μ407 6494

11456 466 65541664641611111656
1 511 6166 116 1166 1646 5666)
μ 166 6451451 561 1156 61146)
1156 1161464 161141 1111
1161556 516 664 1111 Ν161 -
:6166 6614616116 11111114
11661161 6661565 64116 1611
1646 1164111166.

πολλῶν 1 195 ω 272.

πολλοῖσι Ν 555 πολλοῖσιν ρ 265 1482
πολλοῖςθ232.

416661661161615111614561
61641616) 16166664 4511114
61161461616116611166 6164
56611156614111164666116
6666114666556 4111141
46)111 116 161 661 411 6161
114 161 116 611646 454161116
114 611 666 445 166 61 6566164
166614) 4116) 5116) ε 116614) 646
611411446 1114 115 η 61 141114
141 164 6 155 (bis) 166 164166 ι 15
41 45 56 4656) 146 6666) 465 1166
6116641446 4666161166616
ξ 65 116161 156165 166 665 0159
166 166 461 466 461 116 66166

Κ 572 574 Λ 495 X 31 6665.
11111161161466116613641614
14236 Λ483 Ν 709 Ρ95 πολλοὶ
α 176 355 395 6181 241 6665(bis)
, 822 617 [56] 616 660 66 520
ξ200 281 6273 11134 473 6269
596 1174 379 612 60 367 46119
217 6661141 8161 177 803 Γ183
Δ 77 538 543 16661151111 229
Η328 0344 1467 11227 11159
179 Μ14 427 429 Ν733 Ξ123
02 Π370 448 Σ542 Τ226 6616
116 ἱ113031 32 11161.

πολλῶν 63 6717 ξ69 236 6382
Ε 176 8253 174 97 116 Λ514
Ν360 0291 Π425Ρ393Χ44
πολλοῖσι π 244 6330 390 1 110 Β 483
65141161611616666 62401239
407 ω 26 Φ 188.

πολλούςθ23 12666313 Φ 236 344
,2608 πολλοὺςγ212 6257 6366 516

ξ 271 6440 61153 χ229 384 1546 Ξ 67 6655 Φ230 1161666 11328.

6116164161661414511 6166
164 141 116166 111161 161466
61061207 χ47(1116) 273 335 653
65 101 166 666 666 651 545 65
161161664165161651 6151
666 666 166 1115 166 656 516
6111616565615411146166

164 166 616 666 666646 454 666 Ι
466 461614) 516 561 561 564 565
141146164111616 6161456
665111 11414 641666 166656
666 1611 446 455 461 566 1166
6666 066 61 666 5516) 1151 611116
116166 565 11166 166 6616)
165 61416) 161 661 516 665 -
16116)414ο1166161)116116
164161 656 61 15396176
6505 1470111372] 663 560 62⁶⁸
666 1161 661 666 0[166]166661
665 666 116 616 1616 46661
611411411116 1161 651 1161
116 [466] 546 561 664 666 1161

M 226 Π 666 Σ 271 Φ 102. πολλοὶ (6616111.1116161) H 130.
1161166145 1469 Λ 307. πολλὰ α 1 654 393 445 ξ 120 1435
1161161 ι397 61237 6336 ω 67 Φ 3626 351 Ε 197 358 1183 454 464 531

 

