ἐγών.

455 Ψ 19 55 94 95 95 195195159
449459 499 459 551 999 999 995
945559 11191 194 195 991 919
994 941 959 955 999 955 999999
495 495 499 495 499 591 599 599
594 951 959 991 519 549 544 549
555 599 595 554.

μ’(99) 9 995 1119 9 91 5195 1959
55 544 N 491 9100.

499 9 99 9991 1199499 9999 9999
A 454 5915 55 199 51999 1199 99
995 9159 11119.

999 y 99 9 191 994 9 915 999949
0909 9994991 9 91 14991 159
999 999 9949 9999 ξ 999994 945
955 9 901 919999 9 959499 449
9199959591 959959 9115991
954 551 9 59 911 9495 9 959 959
951 5494 19115 559 51159199
9999994959 1451919 11 49 959
991499449 Λ 959999 55151 999
9995 ο 94 11919 Σ 99 111 195
999 5999 999190 9 591 9519 59
995 999 999499 14 59 944 19119.

ἔμ’(ε) 9 919 915 9955414499 1999
915 9199 599995 531 9199 9119
449459 519 9191 999549 9 99
9999 91133 199951 199 5999
994499 1155 5195999919 Λ 914
449 445 N 959 459 5159 5191
940 19559.

919 915 91591 19119 1419 9901.

99 9 999 951 994 949 9 199 9 149
9949959) 999 495 499 549 594 599
519 594549 919999 9 99 154199
919 955 451 5199 199 99949195
990 994 959 955 959 959999 9 95
159 195 919 999959 9 99 90 954
959999 999 499 595 9 14 155 995
941 995 959549 1 91 54 144194
999 999 959 459 499451 595 599
999 199 995 999 959445 9 99 199
159 999 999 991959999 4 5495149
[1549 199 999 915 949 955 914919
999941 949 959 999 999 441 495
499 9 119 199 955959911949959
499 440 405 490 9 195 199 194 999
499499 99 9 94499 9995955991
991919999 991 119199154 9919
9199 119194 919 (99) [9591 495
9949 999955 9154951 119 919 994
999 9999999459 A 94 99 199194
155 954599 594 9 59 111 114 199
959 414 5 59 951 999 499499 449

238

A 59 991 9194959991959994995
915 z 999 999 945 949 350(bis) 444
4941599 59 195 9491999] 999] 999
451 119 91 945 999 449 499491
00911949990991445594 91991
999 999 515 549 549 919 M 195
59159 555999 9194 199 195 999 ·
949999999 999199949 554199
945949 95991995 1545949199
194199495499499 19599199
195991999 59599191 9999419199
95 199 999 959 959 991 459 555
554 15991999194959995999
999999 949945 949 9151 59 59
59 95 99 145 419 559 999 19 99
919 999499 499 494 491 555 599
995 595 599 555.

959) 9 999991 941 59 59 1919919)
999999 199199911 995 955149

v 959 990 949 951 950 999491499
409 491 499491 554 599599 599
919 9 95991415 419495 5191
151999995 9949959994 9995
994 459 999959 995 949 954 994
999 419 599 515 519 9 95 99 [995]
999 914919 994 999 999995 419
441451 159 59 99 145 154 919
991 494 499 449 495 599 919 999
999 999 159 199995 959459
9 9119919) 954 ξ 141 144959 999
999995 995999 959 499 599 9 95
999 949 909 955 590 409 499 495
9195 995 999 949 954 919 9119
119 199 199 149495 599551 9995
955 959 949 199 195 151 4999919)
591599551 9 99 99 99 99 999
915 9919919949 9 95 195 919919)
944 (919) 419 919 15 99 59 59 959
9 915999 A 99 909 951 999 959
955449 519 519 590 595 155411
414449 949 9119 119 199 995
959 919 995 5995999 995945
999495 19195 9599 1944955
419499 499 999945 51159 949
99199459591999499519 9959
999 999 915 999 194 199 945 599
15999 99599 499 599919) 99 2190
395(bis9 999 999499 9995 999 909
9 999 959 491 9 541919) 5559199
991 955 959 999 519599 5515 44

’ 99191 199194945 419 495 490

Ψ 46 599 998 549 994 999 Ω 198
218 220 240 309 553 560 562 060
764 990.

 

