549 νήστιες- νηῦς. 550

15555 5 55 y 370 3353 455 50 η 354
1135 145 153 543 11 55 135 155
355 ι 15 μ 3 131 135143 151 351

20 70 106 159 331 456 636 μ 5
82 109 144 151 185 220 247 276
290 305 317 367 387 391 418 ν 19
261 269 274 276 333 403 448 411333.
νῆσοι ι 22 νήσων 6 607 ν234 033
Β 626 Φ 454 Χ 45 νήσοισι φ 347
3108 νήσοισιν 01 245 0299 55122
5130 νήσους Β 677.
νήστιες σ 370.
νήστιας Τ 156 207. Κ 326.
νητὸς β 338. νέα ι 283.
νηῦς α 185 6356 0151 5348 ιι 132 νῆες β 292 390 6559 ε 16 141 175
15266 69 166 182 205 595 161 ξ334 ζ 264 271 η 328 θ 556 558 ι 64
339 ο 294 446457 473 π 3225291 159 544 555 ν 101 ξ 224 Q 145

65 70149 168175 272 ξ308 332
033 37 199 205 269 464503 15325
330 348 351 357 359 472 5274 289

411330 A 141 308 485 Ι 137 279
A 828 0417, 420 Ρ692 Τ 277 279
Ψ3 317 νῆ’(α)οι 280 μ 349 ψ 234

ω 299308 Π 294 Τ247 Ω 396.
νηός 6489 817 1132 307 358 ο452
528 5243 A 476 A 603 νηὸς 01 171
355 5315 333 415433 51513
281 353431 ε249 ζ278 560177
322 535 548 5532 51 146 274 446
1 115 508 534 μ83 206 218 229
245 310 329 406 417 420 ν 21 74
116 117 216 281 283 319 ξ 188
295 298 304 307 311 357 ο 277
280 284 547 552 55 65 5160 249
516 5238 259 339 5175 01301
A 439 482 Β 170 358 702 8515
Ν 665 0382 416 435 600 707 729
Π 1223 748 Τ143 194 Ψ852 878.
νεόςκ 172 νεὸςη252 5482 539 ιι 127
156 16 μ100148170 354 3680283
5278 01390 χ465 0423 693 704.
νηί y 323 ι 173 194 κ 444 1 113
151 μ55 [1401115 5 333 Α 133
[1600 νη105182 β263 414417 γ61
365 6656 781 327 37 052 161
445 ι470 433 53 140176272332
408 447 502 505 508 571 13 58
μ 50 110171 186 264 292 320 411
415 ν 71 134 157-425 ξ 305 345

355 3303 333 534 534 545 555
555 515 530 537 544 553 110131
747 155 Δ 341 11451 14511355
11113 308 555 1555 Ν 14 455
‚4⁴80 75 0554 11155 315 155.

555 7 313 η 5 35 5125 3508 515
503 580 733 15114551 0545 Σ 55.

νηῶν δ 361 708 ε 404 ζ 268 3500
110112615716314123 μ286ξ255 .

496 0139 01117 3152154493
576 713 Ε 550 700 Η 338 419
437 0197 213528 533 Ι 76 232
241 14308 320337 561 Μ 72 114
118 142 156 179 216 227 254 Ν57
110675 723 744 Ξ28 46 56 68 100
410 069 387 391 407 503 601 670
676 685 Π 87 239 251 267 293 301
304 366 397 Ρ383 Σ 279 Τ43 360
Ψ 259 0141401681 780.

νεῶνζ271 1167 Α48 391 135 208464
587 610685 719 Η334449 0490512
560 1708 11161Λ803 Μ5 Ν687
13146 0348428 653 655 731 746
Π4580 305376 500 Ρ403 Σ3
172 Τ42 344 356 3⁰33 41355

0206 313 333 358 415 435455 534 νήεσσι y 131 4389 405 5317 ξ242

143 335 355 143 534 5 353 5307
ψ [330] 334 340 5 153 A 300 338
389 433 354353 510 1153353
3333 355 1554 1135 74 355 515
1511351 0534111333551331
Ψ 35 43 413 438.

5135315155 5153
350 433 5438 573 534 545 555
558 731 115135 4131 5105 345
531 50 51 333551 4 154335 315
455 455 545 155 154 155 344 403
403 407 433 444 511 555 1 1 3 5

260 5429 5182 01109 3175 688
771 Γ283 Η 229 8166 1428 691
A 311 Μ112 Ν320 742 Π95 832
Τ59 Χ 386 Ψ248 829 νήεσσινω427
41239 Ι347 674 Κ 214 342 A 22
0603 Ω 408 νήεσσ’(ι) ξ 238 A 71.
νέεσσι Γ 46 444 Ξ 51 νέεσσιν ξ 230
Ν 333 0409414 722 Τ135 νέεσσ’(ι)
νηυσί β 27 A 179 Δ 181 0 688
νηυσὶ α 61 3287 302 682 173499
,513 η 34 35 15467 99 144149
1125 545 5193 φ19 51272 00419

18*

 

