769 τε. 770

443334 333[343] 333 333 433333 333 (33) 333 333 3334333333 333
333 333 333(-μή) 333 333 ξ 33 33 33 3 34 333333 333433 3333 333 3333
333 333333 333 333433 433 433333 333 333333 4333333 χ34 33 34
3 33 333 333 433 433 433333 333 333 343334 43333334- 333) 433 443
515 33 133 158 338 343333 33333 4333333 343333 43 33 343-333
4334333334333 333333 333 333 (333-33-333)333433Α333 333
333 334 333 131 378 373 384 414 333 333333 333-343 8131 333333
417 458 333333 3 33 33 333 333333 401 503 (07 33-333) 3 140 303 331—
33153343452204 337 343378407 333333433 433 33 333333333
434433433333333333333 333 333 3333 333433 333334 3337
33 333 403437537317337384333 317108 43333333 333 334333 33
333 333 433 3 3 43 333 (333 8’ -- 33 33 333 333 343 343 (v. 33 33 333) 3333
3333) 333 333 433 433 433 333334 333334 333 (4-333) 434 433343
333 333 333 333 343 333 3333) 333 333333 71 14 74 583 A 83 333-333-
83085588471041483373833735317045781783870884741138
43344 3333 33333 333 333333 17157308 333 333434 588837 333
383 388 303 450(81’-144533 451 730 :7580 33 333 (v. 33 33 333) 433
347170307313418447480501 437774737103348381454588780
515 588 580 814 334 333 333 333 333 333 333 Ι3343-343 333-3333)
333 3757735158137311333- 514 748 335 410 3333333333)
343 333 333 310351453 333 3333 333 333 433333 33333333333
334 333 333 333 333 333 333 433 33 43 443 [333] 333 333.

343 34(3μ’*33333) 33 334333 ι’-3333333333333334334333
185 133 303 304 314 375 431 444 333 333 735 308 333433 433433
447 457 1150 170 334 333 333 348 8475 33343 334 333334 333 3333
333 433 333 333 333 3 53 131 358 [314] 331 333 33-33 33 333 333(3’
318 333 338 408 438 484 533 538 -333333 3343 433433 433 333
445101133178385303338488 3333 333333 33 343 343 333 334
437 535 538 534 548 3333 333333 343 33333334 333 3333 v 33 (33.
18338433317183133147188304 33-333)3333334333333343433
433 333333 333 334333 333 333 (3333- 333) 433 3 343 333433
333333 33 3333 334 333 333333 3333343 3333343-344 3343
333 333 433 433 485 514 033 43 3333-333 (333 3’-333) 334 3 43
333 333334 333333333333333 3333 333343 2330 5157313
333 434 433433 58388817187314 333 333333 4183417 (8055
318 333433 4ξ343333333μ33-33 -333433 333 33 333343 433
333) 333 34333334 353 110153 333333 3333333343 433333
333 333 433 443 434 344 333 333 4508038788083310333478511
731 740 745 333343 44 43 43 333 33333333 333 433343 333 334
153 333343 350 385 334433 405 474 333433 538 843 11 113 133 388 483
-475 T 138 108 314 333-340 353 457 (3-4571-8'1) 308 501 738
333 347 333433 417 3 333 333 341 34333 (3’- 333-3 3) 333 3 33 33
333 333433 018 33 333 333 3331 (333-3333334333 333 813 3:480
(333 -33 333) 333 333 333 443 333 515 055 388 337 11433 P7 33 333
587 3444333 333333 343433 434 754 3333 433 3333 0183 531
433 473 511 333 08 333333 343 373 x 33 (3’- 333 333333 433 Ψ 33
333 333 333333 333 33 33 33 1413 333333 333333-3333-333-333
334 333 334 333 343 333 333 443 -333 333 333 773.

474 530 548 833 877 745. 3’-333 333 33333 (θ’-33333)
a - 333 (3333. 33 33 3)) a 381 3 334(3)ῖ 333333 3333 3333 (3’- 333 ἅμ’
333 333 333333 333 3333343 475) 34333333333333 333 333333
333 3333333 333 334 433 3333 333, 343333 Δ 80 388 871 4178 (conf.
343333 33334343333343333331 048’)138135838400113048’)
15 444 333333 333 4333333333 873 Ψ33334333(3’333-333).

(mmo, Ind. Hom. 23

 

