555

264 242 246 266 266 266 646446
626642 666 664662 44 66 426464
444 464 2664646) 264 264 224 266
266 666666 6426 246 266 246646
626 664 [666] 666 646 624 644 642

162 237 248 470 509584 631.

ὁ.

666 466446 464 666 666666 44 22,
1

46464334388 6410 4662258 ω387
Α38οΔ28Ζ283Ι469Κ57Λ261
322 620 Π 505587 Φ 255 Χ 333
Ψ 385 452 597 5418 164 577.

46414431 55 168 215220 328 359 617
23 24134 744 385 393 477 6 76
79 189 505 819 820 4434 ζ 13197
328 44332 4212 387 394 433 519
536 45 1353492 ξ61 133 161
162016) 291 317 654 220 248 256
44149431 6492 520 6128 42] 489
276 306 307 0416) 333 6 9 16 102
φ 142 353 425 χ 178 329 354 361
475 ψ 90 141 199 ω 318 345425
A 43 340 357 457 3118 700 A 77
97 109 214 489 491 494 Ε 18 121
139 292 296 301 508 563 729 Ζ 206
398 Η 121 150 379 0118119123
302 315 Ι 25 79 219 301 378 587
595 635 K 224 436 457458 Λ24126

142 393 396 Μ 45 256 332 Ν 245)

279 284 516 660 662 698 733 Ξ 133
213 378 460 467 068 125 139166
300 430 521 535 641 707 Π 249 321
480 527 793 PB 111 204 277 298
609 Τ 322 365 Y 77 99 221 371
Φ 88 114171 252 302 365458 Χ 32

322387401405 1¹54 303519 738.
ἰ 388 398 446 461 521 κ 60 850446)

771 Ω 314 319 396 501 598.

66 6 626426 6 44 42 444446 6466ἰ

6 44 464 446 462 246664 6 64 262
464 446 66 266 6 646 6 46 44 66
464 464444 646 464266 464 4244
246266 μ 42 466 464 424466 6 66
64 46 ξ 2666466 466 64246446
6 62 66 422 266 664646 6266 6 462
622666 664664 466 462 466 646
626446 6644466 χ464 6462
462 264 664 6 46 Α 66 266 3 22
222 244664 642 646 553 553 644
662 666664 646 644446 464 446 446

Ι

759 795 817 822 Γ70138255 A 10

78 104197 207 208 229277 Ε 101
283 401 603 7970) 900 Ζ 51 138
156160187 Η 2 163 266 0160 258
365 440 443 Ι 74 209 369 512 598

664666 Κ 35 277 482 Λ 428 447Ι

566

5080) 608 614 698 799 804 Μ 99
Ν 299 368 384 468 Ξ 164 350 386
449 460464 492 678 0464 520 525
539 Π 148 241 250 701 720 Ρ231
326 566 [585] 615 Σ 70 278 306 508
591 Τ30 33 386 1⁰82 321 330 Φ 39
144 254 284406 Χ 127420 Ψ 173
188 2650446) 267 269 290 293 355
356401 514 656 702 807 Ω 209 295
313 507 538 573 676 758.
46444195 γ 259 6133 388847 6397
6189 4241 44 74 1450 565 4271
407 ξ 135 6452 44 428 ρ 223 4245
401 6419 χ328 Α 401 548 582
3742 Γ393 A 459 501 Ε 537 615
794 Ζ9 0304 Ι 584 Κ 223478
Μ 450 Ν 177538 Ξ 218 432 465
0349 433 530 552 Π 187453 577
Ρ65 399 578 Σ 153 237 Τ326 1406
479 Φ 2260) Ψ35 Ω 122 411 540
589 710 771.

τὸν α 13 36 44 80 178 210221 252
314 383 388 399 412 438 439 β 13
19 97 129 177 208 238 242 309
350 351 378 γ 13 25 75 102 145
201 210 225229 253 270 309 356
397 δ 3 30 155 168 203 255 290
315 332 387 414 510 524 534 556
593 641 648 680 ε 98 111 112
130 134 135 151 183 266 282319
333435 452 ζ186 229310 4427
39 64 196 207 223 227 248 298
302 308 θ 133 140 152 158 165
338 349 354 357 400 402412 454
526 579 ι 1 181 208 299 333 375

464 266 646 4 66 464 444644 664
662 644666 646662 642626 6464
664 664 66 46 62 466 446466
266 264 626 664 662426 ξ 6 46
26 66 466 424 446 446 466 446
446 466 464 264 624 666 666 464
444 426 426 442 664 6 46 46 66
64 66 64 446464 444 264266 244
246 626 646664 666 666 464466
464 466 666 642 626 666 642 644
646 666 6 66 66 66 66 46 46 66
442 466 446 466 466264 226 246
266 262 266 666 646 466 464 6 46
46 64 64 64 44 44 462 466 462
2464646) 266244 264242 266264
644 646 626 666 646 666 666662
666 466 446 466 444 666 626644
551 666 514 515 585 533 64426

 

