557 ’ νυμφίου - νύσσα. 558

νύμφηςδ557 ε61401431560 νύμφῃ 'K 53 117 124 173 175 192 280 284
υ 86 ε 30 νύμφην1447 111333. 291329 406 424 442 449 Λ 142 218
νύμφαδ 743 Γ 130. ⁸ 217362 363 367388 609 611 652 790
νύμφαιζ105 ι 154 1 38 μ 132 ν 107 Μ 215 271 315 326 383 429 Ν 77 98
Ζ 420 νυμφάων ζ 123 ν10413481 107 222 230 276 453 463 628 772 773
0211 28 42616 νυμφέων μ 318 784 828 Ξ5487295107139198
νύμφῃσι ν350 ξ435 νύμφῃςν355 219234262271309 328 331 357 508
νύμφας Σ 492 νύμφυιν 356 0240. Ο 36 54 61 99 110115 131 138 211
νυμφὶου Ψ 223. 221 254 258 292 493 502719 725 Π 73
νυμφίον η 65. 112 207 238 422 492494 516 538 556
νυν Κ 105 Ψ 485. 667 749 844 Ρ34 75 144 153 154
νῦν α 35 43 82 166 182 194 200 219 156 173 206 227 336 478 588 622 652
234 241 255 271 309 315 369 β 25 670 672 710 Σ 88 101 111 114 121
28 48 79 124 161 176 229 239 281 314 140 255 261 267 290 293 298 333 406
γ1743 69 92 101 209 243323 359366 408 435 457 Τ 23 67 108 148 203

δ 32 148 151 166 193 209 238322 331 206 258 275 289 319 323 408 Y 18 ,

395 587 685 727 765 817 829 ε 18 29 89 195 210 287 297 307 350 354
112 129 148 184 205 302 305 312 335 449 450 454 Φ 80 82 92 103 122155
377 448 ζ 172 191 207 243255 325 160 281 315 399 428 458 475 481 533
η68 188 0100142156 182 202 222 Χ 16 18 46 104 126 172 216 219222
241 330 443 465 548 ι 16 172 264 235243 252268271 285 300 303 358
356 452 495 515 -x 43 320 402 457 391 436 482 505 508 ²4548150158
463472 489 548 1 66 160 251 44] 274 333 406 463 492552587 602604
449485 μ 213291 298 ν 131149 178 618 643 787 Ω 35 208 223 401 501
207 257 303 324 357 364 ξ 80 158 560 568 601 614635 641 685 757 765
174 193 213 371 393407 462489 493 778.

503 506 512 0 65 180 209 268 269 νύξδ 429 574 ε 294 ι 69 μ315 Η 433
307 346 371 391 431 440 503 520 542 νὺξη 283 119 330373 ν269 1457
υ 25 65 121 142 168 200 222 233 270 475 σ 272 τ515 Β387 Ε 310 659
431 ρ 155 190 217 245 318 444 456 Η 282 293 0488 178474 1( 201
460 524 566 569 σ 3055 79105123 251252 [1356 Ν 580 Ξ 78 259 439
203 217223 236 239 256 268271403 Σ 267 X 466.

τ 20 66 81 82 115 129 157 169 215 νυκτός 186 ν 278 νυκτὸς δ 841 μ312
253 263303 307369 373 378 403 483 ξ483 Γ11 Λ173 0324 Χ 28317.

532 549 572 576 584 υ 63 115 119 νυκτὶ η 253 1606 μ291 447 ξ314 ·

135 178 200 211 230 262 333 φ107 034 υ 88⁴ 351 362 ψ372 247 Ε23
157 258 279 428 χ628 29 41 54 621 Η 282293 0502 529 Ι 65 Μ 463
65 78 134 195 231 251 437 491 111201 Ν 425 17261 Σ 251.

49 54 115 213225 354 03484186 νύκταγ 151 ε466 ι 143 404 μ284 ,
214 260 329 353 443 454 461 Α 27 0850 τ66 χ195ψ243 857 13506
59 91 109 127 141 169 232 237 272 0486510 1141 83 101 142 188 276
354 407417 421 445 455 456 506 522 297 312 386 394 399 468 Ξ 80 Σ 274
555 Β 12 26 29 63 66 82 114 163 42363 366 653 νύκτ’γ490 040188
179 193 239 242 254 274 284 330 381 π 367 Χ 497 Π 567 νύχθ’ Χ 102.
435 484 681 Γ 67 97 134 234 241 νύκτες 1 183 ν 338 ξ93 0392 π 39.
367403 405 415 432 439 446 Δ 12 179 νυκτῶν μ 286.

321 347 362 Ε 117 124 129 226 279· νύκτας 6105 345 ε154 3880102174
304 362 410 423 457 475 604 791 822 κ 11 2880142 ο 476 0515 0150
834 881 Ζ 68 125 224 308 337 340 340341 085 (063140 04901325
352 354431 Η 29 74 98 115 129171 470 Σ 340 Χ 432 Ι14186 Ω 73 745.
226 290 329 351 370 400 0141 163 νυὸν Γ 49.

186 192 234 370 374 498 500502 524 νυοί γ 451 νυοὶ Sl 106 νυοὺςΧ 65.
541 Ι 21 65 105 111 118 227 259 304 Νυσήιον Ζ 133.

344 356 380 426 519 628 638 700 7051νύσσα Ψ 332.

 

