435 κε.

313133 133133 131 333 314 χ 33
13 13 134443 333 41143333 333
3 33 33 41 33 133333 A 33 133 313
333 3 313333 443413 Γ 41 11 33
133 333333 331 333 A 33 71 33333
433 E 313 333 331 3 33 33 333 333
333 413 143 30 133133111 313331
373 311333 333413 3130131 433
143 31 140 133 333 334 333 343 313
(313) 133 707 14 31 311 333 307 A 133
333313 337 033 Μ 33 333 441 N 37
343 733 313 Ξ 3 133 0 31 143 334
333 11 13 133 433 334 133 370 33
103144 143 133 333 341 331 333 434
333313 333 333 333 Σ 131 131 311
3333313) 113 130 313 333 333313
3333434 0 34133 131133 333 433
331 11431 333 3333 433333 133
333333 331 44113 141 113 133 437
331 333 333 333 333 113.

34 3 313 3 313 3 33 333 333 3 174
331 333 300 734 133 133 3313
3333313 343 1133 433 3333 331
1133 333333 331 13133 333
311 3303 3413 314 341 3 33 133
373 373 333 3333 330 3373 307
333 3113 3133333 37 317 331
A 173 3333 1433 A 173 3333
331 14 134 3333 14331 133131
333 337 333 303 413 434 111133 331
11311 31313333 333331 11331
333 333 1131 1143 31 333 333
31343 343333 313 44 37 331.

333 3133 333 333333 383 330 3 33
143 131 133 334333 333334 333
337 3113 117 337 333333 3137
173 333 333 430 441 303 343 343
341333 343 331 133 133 3 313 137
333333 3 313 313333 3 31 141
113343 333 313333 313 131 131
134334 433 3 333 333333 433
431 1111 131 141 311 3333331313
333 311 33 133 131131 333 343
443 3 33 141 133 333334 3 33 33
133 133 133 333433 443 3 31 33
3331313) 311 343 433 443 443433
3113313343 3143 133331333 343
3333143433 3 33 333 333 3133
333 31133 31 333 334 333313
433 313 3 43 31 113311 333 333
313 333331 311 113313 3 33 33
177 313 333 333433 3134313
374 3 31 33 131 3111434333 Α131ἰ

Ι

139 (bis) 333 350 333 334 334 3373

430

1313333331 133133 133111
331 333 343331 141 33 33333
334313 413411 333 40 3431
171 173131 431 333 1133311313
431 433434 333 z 73 143 333334
433433 431 1133 11 133 03433
34 33 143 133133334 434 433433
413 413 433 434 433 333 333 114
133133 133 133331 333 333331
403 301 331131 1144 33 37 133
303 444 A 107 303 311 333 433 334
730 11133 333 334 11331 333 431
143 143 333 11 13 31 133 130131
331 341 344 333 413 334 343131
433434 1111 333 333 100133330
313 417 433 313 333 3113133434
431 133113413 3343 333333
311 333 331 433 0130 333331
33333341343334431311113133
133 333 344 343 3331343) 331333
3344 341 333 4133 13 33 134133
333 313 413431 433 333313 333
343 3 333 333 3 33343 3334 133333
333331133 311 33 143 133 3431
3331 3333434333 1144 3331
3133333333 184 333 433334
3131 133 3 337 337 3143 403 3313
33333144 331333 333 3133 131
3333313433341333314333
24343411433433 03311113
143 334 331 333 133 11133111
313 333 A 134 11433 3433 11311
131331 3133131311 3333
144333311331333.
33134333 3333413133133313
3333 3343 443 434333 333 334
13 333311 433 1333 333 333314
3 33 133 313 371 3133 433 3 33 31
1 143 333 434443 433333 μ 114331
3141331 3331133 313331313
433 3103 330337331 311 13137
333 331 333 34133333 313333
318 (ἢν 1113353 κ’) 357 330 403 343
313331334333 33433131133
333 330 343 313 333 100 133341
333133 303 A34 104 341343
3333 331 1313 334 31333 13133
431434313 1441 334 333 331 311
1143 333 337 310 303 313 1133
333 343 333 A 131 303 403 134 333
11344 331 11133 333331 5131
333 333 333 313 313 131 331133
133 114-1 343343 31331333331113)

 

