851

χειμὼν 6 566 ξ 522.

χειμῶννοςΡ549 χειμῶνιΦ 283 χειμῶνα Γ4.
χείρ Ε 417.

χεὶρ Ε 82 9328 Π 517 735.

χειρός 0 189 193 ξ31 34 277 0480
Γ363 Δ493 Ε 18 9329 Λ376
Ν 539 Ξ 407 0421 465 468 Π480
‘X 292 χειρὸςβ 321 32770168 1433
ξ319 0465 0263 χ17 83 Α323
Δ 154 542 Ε 30 416 Η 108 K 371
A 239488 646 675 778 Μ 306 Ν 410
505 529 595 598 Ξ419 455 0126
Π 615 Τ327 479 Φ 166 416 590
Ψ 843 870 Ω 508 515 735.

χειρί β 302 6 610 ε181 0291 κ 280
3891247 0288 0 530 0103 A 210
361 Ε 372 Ζ485 9321 42127 284
0301037 751 443 ζ128 3171 1359
057 164 225 0148 σ56 3448 0197
299 0 6 59 410 χ 183 326 ω 176
Α 585 596 Γ 376 385 Ε 302 309
836 853 Ζ62 253 318 406 H 264
9221371493 1431454 461 Λ235
238 355 Μ 452 Ν 243 Ξ 232 272
385 0443 695 Π 117 510 792 Ρ48
296 604 Σ384 423 476 T? 131
396 Y 261 285 Φ 175 286 403 424
Ψ 568 χείρ’(ι) ι 302 τ 480 χερὶ 9289
Υ 182 Ω 101.

10043331 73⁷ 374 0103 ξ 134
0258396 0433 Λ219 0389 Δ249
Ε81 336 425 797 4420 687 Λ 252
Ν 593 597 783 2480 Φ286 62361
314 331 0301) α 131 0333 χ 317
0398 9458 883 Η 188 Ξ 137 Ρ601
Τ 261 Ψ 75 Ω 506.

χειμὼν -· χείρ.

852

0304 3333 11310 397 0311 11801
313 1404441.) t 355 φ 313 11334

Μ 382 Π 704 χείρεσι Τ468 χερσί 0483
6116 0181 1579 χ148 12365
A 180 Π 699 Ψ102 χερσὶγ 2816 213
287 506 ε 292 462482 084 394406
ι416 1426 591 μ174 0199 ξ351
0120130 3171 154 0132039156
200 335 1361 0 132 399 ω 2 97
230 Λ298 441 446 3860 874 Γ 352
431 Ε216 Ζ81 266 368 14328 452
A 847 Μ397 464 11176 Ο 19 114
196 398 741 Π 438 624 630 854
Σ 27 30123 545 T 251 284 Tus
Φ 104 253 531 Χ77 511 Ι4499152
565 624 675 686 695 711 761 797
χερσίν α 238 438 735 460 6 490 1595
μ 246 ξ 368 0124 462 0316 3415
0315 373 A 463 Ε 735 Ζ474 9129
344 386 A 184 02 Ρ482 Τ360
Ψ337 42441 χερσὶν α 153 7433
463 666 300 349 428 ζ91 0101
339 068 148 372 482 ι 108 305
346 398434 κ 397 1575 14205
229 444 π 296 353 0152 0245
χ10 497 ψ 76 294 368 03316 A 14
77373 Β 374 Δ 291 533 Ε 60 344
564 574 Ζ482 Η 255 9359 186171
568 Κ 501 A 4 827 Μ 422 Ν 659
763 816 Ξ218 373429 0289 918
364 447 474 717 Σ1123 551 Τ62
Τ94 143 420 Φ47 82 242 Χ 33 65
426 446 497 Ψ 114 583 780 61165
168 303 304 345 478 638 647 724
χέρσ’(ι) v 115 Π 420 452 Σ 505 0208.
χεῖραςο146 149 254 β 261 0338 667

0314144444) ε 311 4411 1 311 μ443
0223 087 ω 397 (ἀμφοτέρας) Δ 523
(ἄμφω) Ν 534 549 (6000) Ξ 495 (ἄμφω)
011516ιμφοτέρας1 χεῖρ’ 314527 0371 248 257 331 336 0355 376 ξ453
3341413004). 4143 π 13 34 343 433 ρ 98 333
χεῖρες 6 149 μ 78 0344 0 237 0 202 089 100 3359 0 29 39 97 256 263
A 166 9450 Ν 75 77 814 Π 2441 386 0150225270 χ6370173189
Ρ387 Ψ 627 687. 1 248 316 406 477 478 500 037 207
χειρῶν β 396 3316 434 1512 12071 0172 Λ89 351 450 567 Γ270 275
0203 0126 π 13 0181 267 0991 318 Ε 122 174 433568 258 233
282 0534 Ε506 582 657 91374 257 301 502 Η 130 177 309457
1226] 1344 K 377 Λ9 12855357] 9347 191 174 221 14448 Λ87 146
Μ45 159 Ν134 0314 714 Π58 403Ὶ
Ρ 298 662 Σ 445 Ψ 384 714.

χείρεσσιε344 4487 34670410 Γ271
9116 Μ27135 0229 Ρ40 6201
Τ252 Ψ 554 597 χείρεσσιν ε 3481
1312 448 34444 0235 χ 332 ψ 2681

216 218 454 3200 454 ζ 310 0142
071 135 484 4288 294 4442182
376 1392423 497 502 050178

169 Μ 166 Ν 49 61 105 287318
395 Ξ 73 0139 181 228 369 510
Π 230 Ρ541 638 Σ 33 75 317 594
Τ254 Y 371 372 503 Φ26 3093
294453 489 1437 Ψ 18 772 41301
478 627 743.

 

