1

519 ι μετάγγελος - μή, 52⁰

709 744 111 193 17130 300 347 370 μεταμώνια (aecus.) σ 333 333 A 369

991 909 364 499 579 656 661 700 μετανάστην 7043 11 59.

4:964 0333 04 30 07 30 161 177 μετα13 A 156.

717 1713 133 133 340 343 334370 μετιαιιιασα13 Γ 901.

Γ 313 433 460 561 605 Σ 130 133 μετατρεσιέ’(α) (33331370.

334413 403 303 515 604 799 30 μέτασσαι ι 331.

110131 313333 343340 134 114 μεταστσιμ 11333 737.

130 333 310333 405 0 30303303 μετάφρενον Ψ 330.

1143 140 474 476 Ψ 1400133 334 μεταφρέναν 19967 μετιφρένφ 7140 695

307 471 000 033 730 731 11103343 333 A 447 7303 11 963 μετάφρενα

373 047 734 733 777. 3333 3 303 1130 7433 77731300

μέτα 3 430 φ 33 11313331 17301 1403433.

1333 Ψ 337 11400. μετάφρενα Μ 433.

μετ’ β 206 308 406 γ 30 136 6 258 μετέπειτα 11519 4 27 640 ξ 403 Ξ 310.

ε 193 287 ζ 115 133 η 23 38 300 μετήορα (1111.) Θ 26 Ψ 369.

3117100314343333ι30133413)μετάνιισ3ε ε 147 3414 ι333 10334

τι 304 330 1 73 300300 303 443· ν3413031443017711>3013133

470 303 331 303 373 001 003 μ370 1906 11119 664 696 11 111 436 667.

365 ν 133 α 147 4131 ρ 330433 μετόπισθεν 1333 664 A69 0043073

σ134 333 330 390 τ 313334 ν140 11340.

969 φ310 ρ 13 α 13470 340 A 493 μεσόσισ3’(ι) 3 695 1319 945 1949 594.

509 595 3 976 674 Γ 33 110 33743ιεμ4τρεσν Γ 313.

331 370 377 400 A 10 33 61 69 999 ἀναμετρήσαιμι μ 433.

304 7130304334 331333 7100) μετρήσαντες φ 173.

909 996 3 301 333 1140 969 359 διαμετρητῷ Γ 344.

[401] 11 149 950 A 700 703 77333 μάτρσν3003 1317 ν 101 σ317 τ333

33740140140300313334130 A 995.

0 30 611 17140 499 596 557 664 μάτραβ33333434μ1σρα1333ι303τ333

7333 330 331 433443 Σ 30 331 71471 Ψ 303741 μέτρ’(α) 77433.

300333 314 33 314 407434 0133 μετάνεισν A 33 17733.

333300 14 33 317 Ψ 377 331 470 μάταιτσν 0109 113300).

043 11 333. μετάσφ ρ 30 34 330 A 460 z 10 41454

μεθ’ 6 610 6659 669 1300 0130330 μέμασαν 11 013 17 70 733.

583 μ 247 77 341419 0604 υ 153 μέτωπα (300113.) ζ 107.

φ331333 71301413430 3333 μέχρι 17143.

11519 ’.131 113 0113331 1143) μέχρις 11 133.

296 147 149 0456. ιμή Δ. Adverbium 1) 0. 1111110131μὴ
μετάμνε1σς 0 144 11133. } α 313 3330 303 33100 313 4303
μεταάάμισς 3 333. 3 330 ν 300303 1430 ν ,303 α 199

μεταδήμιον (1101.) ν 46. 440 75 136301 436 946 393 σ 20 62
μεταδόρπιος δ 194. ) 11308 χ349 431 ψ59 209 01357 1132
ματα3ρσμάάιμ E 30. 1 330 3954 Γ 04 414 436 A 934 410
μετα11ά A 553. l 3 333 333 z 03304 360 466 71333

μετα113ςα331 4343 0330403 τ 171 1343 000013 111373 033130 17300

999 10321478Γ177 1113317730 1433 Σ 134403 Γ 33 300 0 33 33

μετα11ι13 133 α 33. 1 11333013333431144311313343333.

μετι113σιννι337 το. ' 107313 33341333 433ν431 σ173

μετά11α 1165111154550. ) φ111χ331φ313α34343ν4131

μετάμα 1ρ1)τ130. 310333 303 343 333 Γ 33 A 164

μετο11ρσαν 11 310. 303 E 916 343 440 330 11111 0344

μεσαμνῑσαιφο3 34333731303 σ403 11 65 145 939 (α. futur. pro 13134141)

ρ334. 447 0370 430 000 17 13 33 731
μεταμάζιον (σεμις) E 13. Σ 74 7133 333 7133 137 300300
μεταμώνια μ 33 ι 143 α 133. 43103333401331331103143177.

 

