191 44 - 4441. 333

44449 9 999 ξ 419 11191.
11113499.
Φηγεύς Ε 15.
Φηγεὺς Ε 11.
φήγινος (ἄξων) 3 838.
φηγῷ Ε 693 Η 22 60 Φ 549.

462 9185 1361386503 11120137
χ433 465 ψ 181 ω 397 A 584 3333
Ε111607 1684 A 319 Φ 136 303

4414499999199491944911
· 919491941499144991411
41991991994444144419119
4441411111 44149991199441119. 919 0343 333 19999141 191999
1 999999141194999491914194

φη1141435199199. 4 119991 949 999 1199 119 419

φημί H 118 Ψ 668. 1 423 463 474 486 11407 446 1354
φημὶ β 171 9145 3248 350 11994 377 565 μ384 149 139 153 311382

Κ 51 Λ 443 47374 Φ 316.

φημι 3141 493 9290 ζ 256 0138
221 15455 11284 92131380 χ313
ψ [191]Β 129 Ε 103 184 Ζ984206
488 8238 1329 11331 370 548
Λ589 Ν 269414 785 817 Ξ 220
097165 Ρ27 Σ132 364 3137
361 Ψ 579 11256 494 φημ’ 3311
ἀπόφημι Η 362 παράφημι A 377.
φῂς1391Δ351Ξ265Ρ174 φῇσθα
φη919105 φη911163 ρ522 0181
Ξ 366 φησὶν 0107 φησι α 215 9132
4191 4111 A 331 11119 1419
, 0 130 Ρ338 34 134 φησιν Η 393
1305 0112 φη9’ ρ 352.

φαμεν 0735.

4191111193 φατ’ ρ 196 φάτ’ ρ 25.
φα91 α 189 3238 y 212 3201 ζ42
1176 Β783Δ375 1234 Π14 2206
Ω 546 615 φασίν 1 383 φασὶν 1401
Ρ637 φάσ’ γ 188 η322 ψ 125 1416
φασι α 33 220 184 9128 261 1267
Ε635 638 Ζ 100 Ν 631 3103 0159
φασιν y 245 δ 387 ν 249 19 143
418 A 831 Ρ674 φ919’ Τ 96 Φ 569

4114191 999 499 49 119 919 4991
411 199 999 499411 414 194994
991919 419 41 19199 194 999911
999 999499 994 199 4 99 199199
991 4 999999 494 99 199 119999
911 999994 499499 9199 941999
4999999991 491411919 941 494
199 149 919 999 914 911911919
3133 919 199 199 1199 499119
199949 919491 411 3103 991991
491 499119114 914 999 1949
999 11919 499494 199991 499
414 1199 991 191 149 11 49 919
999 499499 441 999994 A 199 313
331 994191 M 330 303 11419111
919 949119 141 99 919941 9119
194 999 949941 1149 999119191
199149 119 119 991414 1991194
91191191994 1149 194 199919
494419 11999499 9919999999
499 419 1114 199 919991944999
1199 499 19 99 14 91 199 999 999
340 411994191119914119 4999
4149 4419 3 91 9991 19 999.

4414441114 4491 4 343 4 94 1999

191714 191128 ψ 275 φησιν α 168 φῇτ 122.
φαίην v 326 Ζ 285.
gagg? 124 Γ 220392 Δ 429 0697ἑ

44141911 ψ 133.

ἔφασαν 135 46 v 384 0700 φάσαν
15001167 μ192φ366χ3111278
41 914 1444 4 419 4 499 411 [419]
ρ488 975117 φ4Ο4Γ161 302324
11181 206 Κ 295 Ν89 φᾶνβ337
4949 414 1 949 z 103.

441444 3 31 19 999. 1 441944 999 4949 4 999.

φὰς135 φάντεςΓ44 11126. 4 φάο 11168 9171 φάσθω 11100 111

ἔφην 3171 1430 540 ξ 176 Π61 Τ348. φασθε 1422 649.

προσέφη11282 501 11422 φῆν β 174 φάσθαι 0349 1504 1449 9377 ρ584

Σ326. φ194 11187 1100 Λ788 0167 “

ἕφησθαγ357 ψ71 11397 Π 830 30791 183 11φ91991111246 ν 308 numm

Χ 280 331 προσέφης ξ 55 165 360 112871611ρ99φάσθα1φ106.

449 991 4199 419 199494 4 91914 4444441999 1449444111911949

311 380 512 579 χ194 Π 20 744 843 παραιφάμενος 13 771 φαμένη 1 150
· φῆςη 239 ξ 117 18473 φῆσθα Φ 1831 ν 429 9206 ψ85 11835 11247 460

ἔφη β377 θ 482 1511 μ 390 ρ 4094 φάμενοι 11 446.

 

