563 . 564

252 279 302 322 326 424 571 689 υ 1 75 85 242 275 300 302 384
77-7. φ 32 181 297 301 359 366 393427
6α42631403443 624132160224 431 χ 1 9 48 5481 86 180 200340
228 327 γ90 173 217 469 68110 435 ψ 50 90 143 306 ω 162167
189 526 790 821 837 ε 33 82 386 176 225 242 408 452 483 545 Α9
ζ 309 η 158 ι237 288 311 344 537 12 47 139 191 193 239 333 404
554 κ 7 264 λ 190 195 391464 599 446 474 488 536 581 597 Β 5070
μ188 ν 254 (bis) ξ 336422526 ο 255 105 107 182 224 266 268 402 481
π 41 399 ρ 142 153 302 466 514 515 555 6214518) 707 721 769 771
σ110 142 234 398 τ212 575 υ 28 Γ 18 81 118 120 349 360 379 Δ 108
140 φ 399 χ 116 480 ω 53 425 453 116 212 231 329 385 482 491498
470 Α 65 68 73 93 97 101 190253 522 524 535 5374515) Ε 13 17142
320 342 Β 3 37 55 76 78 109 170 148 153 245 302 304 330 390398
. 207 283 314 420 664 667 694 724 449 581 617 620 626 655 657606
753 Γ 328 391 409 Δ 250 293 357 836 842 847 849 859 Ζ 62 64154
389 531 8155184185308321327 171 201 214 240 390 404 510 718
434 585 623 673 677 Ζ 168 192 427 16 121 145 188 229 254271275455) ’
474 504 Η 150 326 354 365 0138 306 307 383 416 Θ 119 126 257
268311496 195 189 206 3204518) 270 271 272 302 319 321 323355
541 565620 Κ 154302 504 Λ 94 364 446 116 220 289 332 391480
226 461 483 787 Μ40 298 305 394 555 585 597 634 699 Κ 73 148
406 Ν 8 15 534513) 70 94 164 395 162 177 224 270 288 317 328350
399 406 480518 523 662 0285311 354 362 368 374 377 454455 503
392 455 479 523 586 630 647 676 507 512 519 Λ 80 101 122 129144
730 Ρ108 130219 523 705 Σ 194 148 168 230 241 257 264 304341
253380 Τ 100344 10493 Φ 113 373 375 378 394 397 411415420
315 367 453455 550581 Χ 303392 425 426 446 449 4724513) 481 537
143 Ψ5 42 299 300 875 896 Ω 14 540 551 603 674 789 836 Μ1104
50 189 20741) 398530. 192 205 383 385 395 400 449462
3α92022 155 166 262322 326 β21 Ν 11 38 141 148 176 178 184185
158337 365387 406 γ30 252 263 192 193 213 239 369 373 376 386
284301 309 410 421 437 490 622 387 392 404 503 508 518 520548
37120153 166 226251 338 471 491 570 573 583 584 585 609 611 614
4511] 521 532 554 558 694 701 ε13 615 618 694 698 758 823 51139
15 19 94 193 195 229 243 259 270 119 142 256 260 352 361 366377
284 354 365 392 424 451 453456 3914518) 405 4515) 436 447 452 477
462 4774515) ζ 1 11 67117132141 488 489 495 499 010 64 106136
224 249 330 7 1 21 38 60139 145 267 333 417 418 430 434 442447
177 230 344 6 171 192 262 266 478520 524539 543 547 551 5594516
290 310 361 375 450 483499 505 572 575 623 634635 638 683 Π106
542 ι 201 272 287 353 368 374 396 253 289310 317 339 359 401 402
399 429 480 506 524553 κ 83 118 404413 467 468 479 485 503522
159 1 59 98 145 14 149 257273 579 610 6324518) 726 732 742 775
275 404 440 487 530 563 577 579 789813 Ρ4582106135193194196
595 606 622 627 μ73 411 413 ν 164 300 305 306 309 315 353 498522
187 219 ξ 1 36 77 109 113 137 526 554 600 608 610660 Σ153356
179 279 413 427 448 485 490 523 99 158 250 2524515) 320 323 421434
ο 17 44 98 121 130 163 188 222 437446 451 461 499 500 580 740
231 235 238 388 429443 452463 51 117 304 324 346 367395 7166
464 π 14 46 154 967 129 144201 183 239 243 281 285 287 322342
235 255 263 304 330 3594515) 463 388 395 403 407 456460 463468
488 506 589 602 σ 95 96 153311 469 472 474 480 481 483 484487
343 396 τ 1 51 85 182 184 230 502 Φ 18 26 33 37 64 67 68 71
231 300 398 445 447 449 464540 115 118 144 161 162 171 174 205

 

 

