073

πέμψαντες α 38.
ἐκπέμψασθε υ 361.
πεμπώβολα (33333.) γ 460 A 463.
πενθερός θ 582.
πενθερῷ Ζ 170.
πενθείετον Ψ 283.
πενθήμεναι 3 174 τ 120.
πενθῆσαι Τ 225, ’
πένθος α 342 ζ169 3470 3324 ψ224
3423 A 254362 Δ 417 H 124 Λ249
Π 548 Σ 64 73 88 Ω 708,
πένθεος A 053 πένθεϊ β 70 13 X 242
483 πένθος η 218 219 π 376 7135
(1489 ι512 αι 231 233 Δ 197 207
Ρ37 139 Ω 105 741.
πενίῃ ξ 157.
πενιχροῦ (masc.) γ 348.
ἀμφιπένονται Π 28.
πενώμεθα ν 394.
πένεσθαι y 428 3331333 ξ2513319
χ 199 ιο 407 7' 200.
ἐπένοντο Ω. 124 πένοντο β 322 0 624
ιι 348 13 412 A 318 Σ 558 ἀμφεπέ-
νοντοο467 τ455 Δ220 Ν 656 Τ278
Φ 203 Ψ184.

πεμπώβολα - περ.

⁴ 074

209 324 341 485 ζ87136 282 η55
203 206 215 224 297 312 321 322 031
107 154 187 316 331 355 360 478 510
547 ι35 57 365379 543 1424103174
[183] 240 246 279 285 435 441 483 551
7 33 104 111 265 350 394 425 441 452
501 619 630 μ81 138 271 340 ν 138
240 280284 294 358 364 ξ 112 142
155 298 310 392 415 464 532 349361
540 π 97 115 147 264 276 430 ρ 13
14 47 169 171 273 334 417 555 570
586 σ 19 21 122 165 178 193 318 371
385 τ 245 253 312 324 340347 350
385 511 541 553 581 3742 46 49 131
167 181 199 271 274 282 φ 79 103
129 134 142 212 243 250 370 392
χ 159 172 409 432 473 ψ 7 121482
209 230361 ω 30 499 508 A 81 131
211 217 241 260 275 352 416 546 577
580 586 587 588 3123 236 246 258
270 286 293 318 597 805 861 Γ3
25 159 201 Δ 55 160 236 261 263
324 361 387 421 524 534 Ε 94 135
224 232 265 382 571 625 802 806

Ζ 41 85 146 292 360 379 384 398
πεντάετες (pro adverb.) y 115. 477 H 110 114 117 153 204 286370
πενταέτηρον (51)ξ419(βοῦν)τ420 3403 387 Θ 99 125 153 201 205 243 253
Η 315. 284 317 353 415 452 I 46 110 198
πένταχα Μ 87. 247 301 310 343 367 373 498 514 518
πέντεγ299 ζ 62 1( 317 17171 Σ481 552 554 605 627 K 70 114 309 396

Y 270 Ψ 833.

448 549 556 568 Λ 80 120 319 391

amman 103 335 (333 ιιι -) 43 413 433 334131133 133 341 Μ 33
(33333) 313⁰ ξ 13 33413133 ιιι-) 113 113 343 333 333 343 343333 333
443χ431ι3433333 333 333113 351 333 413 1331 72 101 142 233
Δ 333 13 133 3333 Λ 313 333 (ειιιὸι 300 317 301 413 413 441 334 573 030

ιιι-) 143 Ψ 141 11433.
πεντήκοντ’(α) Ζ 244 Π 168 170,
πεντηκοντόννιον (τέμενος) I 573.
πεντακόσιοι γ 7.
πέπλοιο Ε 315.
πέπλον Ε 338 πέπλον 3124 3 292 Ε 734
Ζ 90 271 302 8385.

Ξ 1 33 50 58 98 125 128 131 217
246 260 295 319 323 344 358 375 379
416 468 Ο 30 133 164 185 195 225
372 399 407 450 476 553 585 588 604
617 651 675 707 Π 31 38 205 245
263 550 557 617 618 620624 638 688
709 815 Ρ 104 121 181 229 232 239

ι313ιηο3ο1333134 3333 ιέ- 313 333433 333 333311331334333
33331133 ιέιιιις ς 33 11 333. τ 710 113133 3 133 112113120 131
ιιιιιι441ι134 χ333 3133 255} 203 273 302 303 422513 3433333
1252 4314133 31333 3431413) 43 31 33 33 33 33 143 133 134 133
11433 0232120 173 233. , 7 333 311413 22105100123350
ιειιιις333311133. '353 430 0455 03 107 130 135 130
περ (dmm. ιι; ιιι 4334314313 308 334 410 441 433 554 313 1113
ὥς ιιι ι. ι. ι. ὡς) ιι 3 33 133 313333. 33 313 333333 413 434 431 41131313)
333333 315 β 150 200 219 240 249 34 31333 433333 313 333 133333
333 331 333y230 240 234 321 333 313333 53 104 133331 333 333343
31134 314 334 413 333 343 553 333Ι 333 333 423 423 437 504 523 570 533
331 133 133 313 433 4313 33 133 003 003 017 007 743 133.

(innume, 11111. Hom. 22.

 

