53 συβόσια - σύν. 754

405 β279 369 71²1 28 187 200 230 Φ74 122399 Χ20 86 250 256282
375 ὁ 162 190 289 312 423 463 492 351 356 Ψ345 440 552 Ω 106 175
646 681 ε22 161 164 341 379 ζ 34 183 206 207 208 297 564 684 688.
149 151 255 303 η 237 0 352 487 σφῶιχ173Λ776 Μ366 7115 114403
549 550 556 ι351 410 479 502 523 σφὼ A 574 Λ 782 Ν 47.

ιι 286 291 380 516 λ66126 135171 σφῶιν π 171 ψ 52 A 257.

217 398 484 μ 38 220 ν 143 291 σφῶινφ209 212 Δ341 8413 416 452
302 312 324 331 ξ37115188190 Ν 55 Π556 Ρ451 114408 411 σφῷν
364 392 [517] 035 212 260 277 309 ὃ 62.

338339 386 393 515 538 π 25 32 σφῶιΑ 336 Δ286 11287 11280 11552
84 95 202 222 224 287307 312316 Ρ443 σφὼ 0146.

418 433 081 165 279 350 418 479 συβόσια (accus) ξ 101 Λ 679.

494 553556 557 573 582 595 015 συβώτης ξ7 18 22 33 121 420 427 432
17 21 63 227 246 289331391 τ6 449 0351389556 π12 3646 49 272
104 107 311 356 363 376 492 500 302 338 457 ρ184 238 372 0162 253
υ 20 43 47 52 166 306 φ168172 φ378 χ267 284359 454 ψ297 ω150
293307 322 370 381 χ196 397 ψ 11 156.

26 70 81 122 258 273 ω 24 63 71 συβώτεω ξ459 0304 συβώτη ὃ 640
251337 373401 405 407 Α26 280 ξ524 χ 103 συβώτηνν404 0 38 05
362418 503 553 555 561 587 1333 263329 342 374 0190 χ’435 ψ367
34 190261284 Γ 390 414 443 Δ31 ω359 363 συβῶτα ξ55 165 360442
315 350359 Ε252 373 644 810 815 507 0325381 π 60 135 464 0219
896 2355 407 409 518 1125109 272 311 375 380 512 579 υ 191
331 8102103161284 1100 257 0362 χ 194.

284 297 302 485 496 517 600 603 συκέη ω 246.

613 680 1185 120 279 370 449479 συκέαι η 116 λ 590 συκέας ω 341.

Λ 383 441 451 606 799 831 Ν 251 σῦκον η 121.

275 374 463 464 465 736 784 820 σύκῳ η 121.

Ξεσ 017 91045056 1134 492 ἐσύλα 0110511164 0080110 0504
617 620 623 693 721 842 Ρ17 171 Ρ60 X 368.

Σ 73 85 178 182 334 339 7179 288 σύλα A 116 συλήτην Ν 202.

289 420 Τ 108 133 188 195 436 συλήσετε Ζ 71.

Φ 123 338 395 483 509 Χ 86 88 συλήσεινο545.

229 258 268 270 354 359 434 111306 συλήσων Ε 618 K 343 387 Ο 583.
308 314 326 478 648 Ω 366 370371 συλήσω X 258 συλήσωσι 0428 Π 500.
546 563 569 653. συλήσειε A 466.

σ’(ε) α 301 403 γ199 218 223 ὃ 274 συλήσας H 78 82 Ν 641.

407 420 563 589 748 805 ε112 445 συλεύειν Ω 436.

ζ2528159 η300 315 3146159 ἐσύλευον Ε 48

238549 ι406 κ65 293296 301 λ67 Σύμηθεν Β 671.

71363401 μ5054107 122 ν5 141 σύμπαντεςγ 217 X 380. '

318 397 ξ214 388 392404 028 68 συμπάντων A 90 Β 567 σύμπασιν γ 59
280513 π 23 317 ρ41 186 278 460 σύμπαντας A 241.

023 61 83 84128335 339 357 τ474 (συμ =) ξύμπαντα η 214 ξ 198.
498509 υ 167 364 φ 363 424 χ30 συμφερτὴ Ν 237.

209 213 312 344 372 ψ 79 214 ω 34 συμφράδμονες Β 372.

37 43 45 58 65 244 249 285 299 σύν ι498 λ4260118 Α307Δ161269
A 173 414 558 328 65 258 Γ409 447 H 256 861 11224 114467 673 687
415 433 A 157 257 11278 284350 Ω 430.

894895 Ζ341 11242 8153163 σὺν 0191362β183γ326185165
283 1253 439 488 1163388 389Ι 323369 6175 487751760 ε208
Λ363 365 766 031 138176 Π203“ 293295 426 ζ52 80 260 η235 304
618 Ρ30 143586 Σ 199 Τ300 408 3493 518 ι68 173 199286 289311
Υ 186 196 332 339 378 450 452Ι 332 3-14 429 454 κ42 332 436 λ58 74

 

