789 τίττιε - τις 790

ἔτισαν ω 352. τίς νυ, τί νυ v. 3. v. νν.
τίσετε Φ 134. τις (masc.) α 167 216396 β 82 230233
τίσειαν A 42. 324 γ 89 224377 6 78 106 384 489
ἐτίσατο y 197 203 3236 ψ57 ω 482 536 537 756 769 772 775 38 11 80
8743 τίσατο ι479. 221488 ζ 149 150 205 206 232 273
τισόμεθ’ ιο 435. 275 η 16 199 204 246 315 θ 32 43 198
τισαίμην ι317 Χ 20 τίσαιτο ν 213 ψ31 229 230 239 254 280 328 371 552 435
τισαίμεθα Τ 208 τισαίατο τι 169. 102 142 146 205 384 508 520 κ 37 45
τῖσαι μ 378. 141 259 327 329 502 552 1159 175
τίσασθαι 3206 ο 121 8356 590 Γ 351 184 366 483 558 628 μ48 186 287 300
366 0116. 4 325 ν 123 167 170180269 ξ 122170
τίπτε α 225 6363 6312 681 707 810 178 179 269 496 504 522 ο82 312 336
387 339 4403 ν417ψ15 Δ340 Ζ254 420 442 ττ 33 72 193 183 301 303 306
Η 24 1185 Λ606 656 Μ 244843 090Ι (3387 438 449 482 484 497501 547568
Π7 721 Σ385 424 Φ369 Χ8 118941475672218327382400407414τ40
Ω 90. 201 238 286 350365 558567 335140
τίπτ’(ε) ι494 199 474 ν33 A 202 201287322 368 375 376 380 (393 133
8323 Ν 250 Y 16 Φ 394. 157 196 228 291 318 324 327 344 361
τίφθ’τι378 4139841243 8447 1137141. 396 397 χ 6 96 132 154 381 429 ψ63
Τίρυνθα Β 559. ’ 135148149152159187189203329

333333433433333 3333333443 433 ιιο 433 434 433 444 433 334
343 3443 433 4433 4333 η333 (bis) 334 343 333 333 374 334 333 333
3333 ι 34333 333334 333 3433333 333 334 333 333 107 333 343 333
3443433 33344333) ρ 3333) 333443 333 434 433 A 81 33 433 433 433
343334343333χ43ψ434ω333 333 333 333343 33443 177 433
A 3343 3 3343) Γ 333 3 333 3433 343343 333 3433333433 434 433 433

1 77 1182 303 Λ792 0247 403 Π 860 479 506 1187 91 98 151 156178201
Ρ260 469 475 586Σ182 Τ 332 Φ150 300 400 456 480 07253 379 513
509 Ω 367 387. 515 110414829031814591501 1( 41
τίς (13444.)α225 1171 398 ν233 τ24 111 171 204 314 341 367 511 A 120
33514 8633. 292 366 401 722 Μ 272 317 328 390
τεῦ 3509 οι 257 (bis) Σ 19203. Ν 55 68 222 224 293 327 471 578 638
τίνα β 28 γ249 Ε 703 (bis) 0273 649 659 663 Ξ 130 333 423 456 484
A 299 (bis) Π 692 (bis). 521 099 139 263 290 362 450509 569
τίνες α 172 371 6642 ι252 ν 233 Π 93 98 99 209 225 406 446 Ρ14
ξ189 τι 58 223. ’ 100 146 154 227 245 254 292 414 420
τέων ζ 119 ν 200 ν 192 Ω 387. 422423 670 733 Σ 105 185 246 269
373299 265 τι 461 395 411362 Σ 73 296 313 362 403 466 600 Τ 11 14
80 Φ 360 Ω 197 (¹) 81 151 153 183 227 233305 27120
τέο 6463 Β 225 51128 (μέχρις -). 130 167 453 495 Φ112126357 1167
τί α 62346 6465492649 3465 ζ25 106 207 281 371 372 375 438 494
θ153 ι14(513)447 3431 7210 463 814439 575 5146 74 148 177 337 369
μ450 ξ 364 ο 326 ιτ 187421 ρ 375 374 489 505 610 650 691 697 707 734.

576 τ 71482500 υ 351 φ 86110333
ψ 264 ω 106 407 474 478 Α 362 365
444 3333 434 334333) 3433(4ς-)
355145 8293413133733811159
432 A 313 404 407 606 838 Μ 310
409 111275 810 ἰ’-7264 0244 Π 31
627 859 Ρ97 170 443 Σ 6 73 Τ 90
420 Y 87 178 251 297 Φ 106 153
436 474 562 Χ 122 385 431 Ψ409
ήῆ3336

uestem.) α166 β 108 121 y 293 6 354
607 735 844 ε 101 η 67 244 κ 193
202 226 254 568 ί. 200 μ 66 403
ι 334 (bis) 343 ξ 334 334 0403 407
ρ 451 τ 87 172 346 494 v 267 330
3333 333 χ433 434 433 333 333
467 113118 125 216 ω 7 144 Β 811
Γ 45 A 532 Z 101 142 438 487 52]
11409 87 181 521 1316 11417
A 711 Ν 389 8180 0564 Π 482
Ρ4147 Σ 420 Τ201 Φ 528 ,Ω 524.

 

