503

ἐπιμέμφεαι 17 97 Β 225 ἐπιμέμφεται
Α 65 93.

μέν α 127 215 232 287 β 91 148 190
218 294 318 402 434 0 102 157 181
190 349 376 411 ε 234 290 331 361
447 466 ζ4 23 26 150 259 η 129 237
332 7159 202 283 1104 110 147 324
μ 62 86 93 137 ν 185 297 380 430
ξ341 395455508 9226405513 9173
283 336 403 ρ 29 140 302 533 595
σ 192 7104 138 244 462493 509 564
v 34 45 164 377 φ 32 103 125 157
χ 262 300304 388 422 ψ94 355 ω 24
63 274 321 Λ 273 547 Β 1 48 80 90
112 145 211 382 388 17195 214 281

308 Δ 257 266 286 318341 424 485·

497 9199199141 9147 197 179
194919 1177 999 999119 191 999
499497 119 94 99 191 999 979419
419 999999 11199 170 454 494187
999 999 479 491 919 171911 1747 947
799 799 17944 9999 911 979 17 99,
991 991 999 999 9199 419 499 491
914 799 147 999991 141 199 949
91 119 171 179 999494 947 999 1199
999419 499 11919 919 999999 54 49
99499499 999 999994 877.

μὲν α 11 99 94 99 94 199 119 119

144 146 151 159 166 208 235 239 “

262 274 284 319 360 369 438 439
β 8 21 46 52 82 104 106 110 122
125 138 210 252 258 281 288 y 26
57 86 109 112 126 148 151 153
162 188 195 203 236 262 265 270
276 284 291 297 301 317 332 338
351 359 396 408 410 421 430 453
477 4 5 15 32 39 40 87 100 166
184 195 202 210 212 230 240 267
282 285 302 414 448 485 495 499
508[511] 521 551 577 603 620 622
624 694 724 743 774 780 814 913
23 59 88 110 121 130 133 135 154
188 195 218 229 242 278 334 369
391 411 430 460 477 478 486 ζ1
11 13 27 41 52 72 75 88 89 116

194 199999 949 947919 91 99ξ
99 99 94 99 194 119199199 1991
199 919 919 999 949991 999 9971

979 997 994 919999 994944 040}
91 94 99 99 111199 194 1991991
174 179 919 919 999949 991497Ι
999 999 999 999949 979 ι 9 491
49 58 70 79 99 199 191 179919
991 994 949 999 999999 991999

58.

329 361 382 398 416 429 436 546
556 κ 6 13 16 28 31 40 47 80 85
92 98 107 159 165 183 205 239
241 261 304 307 333 338 348 352
391 393 403 419 423 443 4677476]
ΗῊ]Μ1Μ3322οῊ5581Μ
87 139 150 158 190 206 220 256
275 295 303 348 363 367 379 383
385 395 416 438 443 465 484 550
552 595 620 625 627 640 μ 5 16
29 32 37 39 59 75 105 113 134
143 156 158 168 171 214 219 226
234 244 291 317 327 341 380 395
397 400 426 431 v 10 17 20 67 84
90 110 113 122 154 180 219 230
244 246 267 282 339 345 363 370
398 439 ξ 30 35 85 88 137 145
162 171 183 193 199 229 240 249
271·285 301 345 348 356 369 375

409 411 420 429 434 435 444 473 ’

480 523 528 9 37 43 70 102 131
220 222 231 235 243 256 353 361
367 392 425 454 461 468 474 476
478 480488 493 503 515 553 π 62
71 139 177 209 232 247 270 321
325 330 365 370 374 449 ρ 54 67 86
166 179 217 243 254 258 270 290
293 307 440 489 499 503 505 532
589 593 σ 32 64 67 79 95 123 168
175 197 227 237 238 243 282 286
292 302 322 360 368 418 τ 44 55
61 85 115 149 151 156 175 182
194 199 210 215 230 234 253 264
268 277 300 307 329 414 424 433
440 455 459 513 530 548 563 9 2
67 83 84 95 109 136 139 149 157
158 160 172 176 189 200 211 218
240 249 293 311 328 336 351 390
φ 120 136 201 207 232 251 258
263 270 279 334 344 354 χ 5 46
47 48 54 110 116 120 144 160 178
180 183 195 200 203 249 257 266
269 274 367 426 448 475 478 498
ψ 49 55 131 141 142 162.243 257
288 292 295 302 350 351 357 371
ω 19 32 87 93 98 139 141 146 162
165 173 203 214 220 242 271 304
312 331 383 386 412 427 428 447
479 483 504 506 ,Α 18 22 50 53
125 127 135 140 165 183 191 211
216 234 250 258 267 269 288 298
306 312 318 331 368 376 389 421
433 440 454 459 470 485 514 522
531 536 561 601 606 Β 52 70 101

 

