943 » ἔθνος - εἰ. 944

4433 μ1331374 3341433337 133 733333 3133314) 333 333 331 337

3979 ήθέλετονΛ789ήθελὲτήνΚ998 016 49 53 193 169 178 794 Π 36
313353210533312127731251231 66 494 686 700 746 Ρ71 109 156
A 333 Η 189 ἔθελον η 305 λ 904 160 399 418 477 488 531 561 614
630 ψ 75 Α 119 9336 ἔθελε Φ 366 Σ 190 166 193 968 305 398 4970113)
ἔθελ’3136 141 Μ 110 7931339165 454 7149 964 385 Τ96 109199 913
Λ917 0615 Φ580 ἔθελοντε498 991379 0199919 379463 487545
Δ 380 Η 169 Θ[551] K 997. Χ 49 59 903 389 Ψ40 155 974 383
ἐθέλεσκες 1433 ἐθέλεσκε 1353 ἐθέλε- 491 541 548 558 734 799 894 Ω 57

σκον Ν 106.

140 906 990 994 996 406 660 715.

ἐθελήσω θ 993 ἐθελήσεις σ 369 ἐθε- εἴ α 115 975 414 β 69 349351 733

λήσει ρ 996 0915 Σ 969 ἐθελήσετον
θ 316.
ἐθέλησα ν 341 ἐθέλήσε Σ 396.
θέλοιεν ο 317.
θὲλ’ Α 977.
ἔθνος (333713.) Γ 39 H 115 A 585 595
Μ 330 Ν 165 495 533 566 596 648
47408 0 591 691 Π 817 Ρ 114 559
581 680.
ἔθνεα ξ 73 7187 91 459 464 469 A 794
ἔθνε’(α) λ 639 aecus. ἔθνεα ιι 596 λ 34.
ἔθων I 540.
ἔθοντες Π 960.
413343 334 14 733 3333 3103 122.
εἰωθὼς Ζ 508 0 965 εἰωθότι Ε 931
εἰωθότες Ε 903.
εἰ (εέ γάρ, εἴ περ γάρ v. s. v. γάρ,ἐέ δ’ ἄγε
ν.3.7.ἐε’γω)οι 89 163 907 937955 376 β71
115 138 141 951 971 974 γ115 199
918 998 956 394376 6179 364 503

98 993 δ 193 994 995 993317 393
398 388 763 380139 906439 471
ζ 179 71390 θ 133 146 ι999 967
317 349 418 491 539 κ 66 147 193
473 1356 371 458 479 494 698
μ 78 96 113 334 ξ 44 139 ο 968
316 403 435 ρ 106 195 993 940
407 475 510 σ61 993357 7315
395 ν 98 907 994397 381 φ195
χ6169913813191ω989Α39
83 173 340 394 503 Β 97 489 Γ67

’180 409 450 453 Δ 88 369 Ε 116

168 958 Η98 1371 379 380 Κ 19
96 111 176 906999 A 366 769 (εἴ-
7737’17 Μ 199 333 Ν 956 760 807
4369 163 333 0 186 379 460 571
Π 79 450 559 618 Ρ104 154 681
Σ 399 1⁷:305 397 1’153 464 0916
966 7190 83 196 985 ’14839 3171
366 496 653 705 768.

733 733 331 4331314) 173 331 437 437 31 3 344 v. s. v. 573.

ς 144 133 133 333 4133 334 ι 373 ει 3’ 35 1333 Σ 373 ο 333.
413 433 437 333 4 343 333 443 1317 ει 433 v. s. v. γάρ.

333331 μ 33 333 313 333 v 233 323 ει και η 33 Ν 33.

333433 37 373 433 333 333 343 443334433731331343133317
333133133133143331333374 3331331313341317111 (ει
3οο 333337 ρ 377 313 333 434 433 33 και) 11333 743 1431.

313 333 333 343 334 333 371 373 33174333 333113 χ13 1313 171313]
3713334133 137 2133135203315 3311371.
339φ170997953χ45391359ψ91 naim—mmm

33 137 333 343 333 ω 43 51 174 333 ει - κεν 3 313 4473 4343 5335 φ 114
334333 333 434333 44331113 3331 F281 1177 1133141377
133 173 337 333 3οο 334 333 334 333333414131311371343333
3741333133 331 337 373 337 431 11113333.
1374417343313471134177133 41-4433331113 1133133133
131 215 312 350 333 315 333 717 43334137 33414313 3733133
3373731331431333341133133 131133.

117 133 334 374 333 3 33 31 133Ι 41-1’ ε 417 433 1 113 μ137 3433
313 333 433 433 333 143 43 3311 4333331334113114331133
347 333 3οο 333 434 313 14 333 2125 Ψ 344 333,

3434334133 133 313 333333 731Ι ει-χ’1171.

734 1133 37 73 317 333 343 333 4711433337 333333331433334
333 343 3313137 133 373 373 4331 37343373334χ3431331413

 

