571

870 Γ 13 A 237 455 456 Ε 475 543
(-6818181.9) 656 673 834 Ζ 16 27 57

ὁ.

572

1811114049 148 478661 198100
193 291 331 370 407 427 467 κ 48

225 293 Η44 6174 0213 4291522 125 218 284 449 134 122 250 258

524559 573 Χ 113 187 215 295408
483 506 A 80 81 264 540 594 693
7030) 827 Μ 24 93 94 98 104 151
159 278 287 436 Ν 65 85 333337
Ξ 189 427 0275 413 665 Π 366 633
635 Ρ68 172 260 280 631 733 755
Σ595 Τ 105111 Τ18 156210 352
374 Φ 20 611 X 424 494 Ψ 174
234 311 399 Ω 1670) 256 338 366
400 456 494 438 512 546 653.
τοῖσι α 28 146 325 367 423 1115 157
224 409 7330 338 362 415 417 474
5183835 ζ28η47 91211168
224 241 7287 342 ν 24 374 ξ471
8 166457 502 ρ 71 100 151 184 369
σ 253 306 405 422 τ 103 126 430
437 508 υ 185 350 φ 101 27οχ205
318 321 461 ω 225 442451 502Λ 58
68 101 247 348 Β 76 142 336 453
565 568 652 Γ 96 303 455 Ε 395
420 Η 136 164 165 167 314 354 365
383 445 Θ 262 263 265 I 52 173
179 335 533 622 Χ 62 203 219 233
274 A 13 624 Ν 156 829 Ξ 109 347
0 42 281 321 668 699 P 459 494
628 753 Σ 249 316 508 523 545 550
7655 76 736 Φ287 Χ167 Ψ17
29 108 109 153 566 758 889 Ω. 62
103 125 445.
τοῖσιν α 9 151 β 163420 8386 07
339 658 660 773 η 185 212 233 94
25 59 421 1112335 11 115198550
561566 1335 11277311 324 394 116
171 ξ337 8292 1149 215345 363394
406 ρ 130 σ42 50 290 349 412 423
1148 υ 242 244 247 270 359 φ140
143 269 χ69 217 0146 293 11422
469 A 269 450 479 571 Β411 805
Γ 188 275 A 270 396 Ε 777 11347
Χ 59 414 Λ502 Ν 689 Π 166 Ρ 705
728 Σ 494 506 569 Ω 690.

μ 243 ξ 17 35 272 ο 133 147 482
w 297 475 (188 215 254 441 τ 573
υ 164 382 φ 190 χ 34 42 246 383
11157 269 371 814 418 427 429 450
493 533 A 191 409 Β 55 314474
476 681 744 Γ 207 243293 A 227
233 241 255 283 292 301 336 364
4881811) 11148 188 188111 111 811
519 590 711 862 Η 17 129 382479
Θ 211 350434 1499 670 1497179
190 287 302 322 A 99 148 177 304
323 333 341 367 406 426 686 701
Μ 67 195 331 424 Ν2 83 88 94
194 480 761 Ξ 140118) 72 205 279
304 379 506 0 70118) 67 343 455
595 Π 28 96 263 431 697 Ρ219533
Τ 377 Τ 54 [135] 454 Φ 3 29 237
Χ 18 Ψ 182 348 572 Ω. 260 344
477 497 605 612.
οὑμὸς, ὤριστος, ωὐτὸς 1. 8. 1. ἐμός,
ἄριστος, αὐτός. ·
τότ 283 υ 381 A 116 325 Β 873 Γ55
Η28 Π55 Ρ417 Χ301 Ψ332 1151.
18 β 18 (1) 181 8888 (bis 1188 1818
888 888 1118111188 1751119
0 82 1470 487 υ 52 83 220 φ337
χ 280 10 296 11167 212 228 234563
3257 A 323 Ζ407 Η91 6401454
I 422 706 1( 256 A 267 405848
Ν 408 564 565 597 037 207 Π 346
349 457 611 675 Ρ232 527 Σ549
Τ 63 161 376 Τ440 Φ 13 261300
437 Χ 163 275 Ψ328 672 876.
1010A493(3n-1111121131(ex—1.
18111481 -111181 -)1181 1811

188111811881811481481 8188

e

ι

011 - I 106 (ἐξ ἔτι - ὅτε) Ν 779 011
- 1188) 1118 888 (8 -) 881
(81 -) T 811 8188 11818 1181
106 (vid. τοῦ relat.) 235.

³ τῷ 11306 1263 309 η 326 κ 127 440

τοῖςγ68 390 490 5 630 ε 202 θ 132Ὶ ξ241 819 8184 χ328 8252 347
μ252 425 ξ88 459 8188 304 324; 109 187 329 351 743 Γ 189 A 531
⁴ 439 851 60 1196 υ 3670) 8130 Ε 210305 Ζ345 8475 496 I 253

274 χ 131 247261 10 84 490 Α 342
597 Β 433 516 524 680 733 747
A 153 Ε 131 150 820 Η 170 324
I 93 417 684 Κ 63 196 241 330
A 120 Μ369 372 Ν 753 0 134
Ρ384 740 Σ 103 Τ405 94342 51252.
τούς 11 274 11404 11187 Π 94 Τ 340.

188 1181 888188 11888 8111,
188 818 1181 188 188 88 88
8811188 1888118111 181881.
181818 η 181 8 118418 v 150
1118 881 188 a 881 ρ 181 888
φ 118118 1118118 1118111888
E 811 888 1181411 1118818181

 

