531

334 355 393 412 417 421 449465
832137 198 261 273361372 φ27
41 94 125 150 246 294 338 339
342 χ44 76 91 167 179 187 311
343 359 366 ψ29 46 56 74 94 155
314' 316 325 334 339 ω 134 164
175 284 293 320 370 372 399 A 100
290 332 361 399 407 427018) 441
506 508 536 610 Β 7 22 41 171
245 276 319 722 754 7950) Γ35 197
231 232 368 371 A 90 143 201 229
312 369 374 477 480 Ε 8 47 55
61 68 94 136 170 181 188 190 304

Μινυείιμ ·- μισγέμεναι, 532

χ410 ψ 4 23 34 165 Α 29 201 585
11550 Γ 386 388 389 A 23 Ε 306
372 392 394 Ζ151485 8460 1391
564 Μ 285 Ν 204 432 048 89 Π 10
Ρ399 Σ 37 168 Y 214 Φ 176347
402 576 Χ 471 473 Ψ 203.

μιν αὐτὴν ,Ω 729.

αὐτὴν (γάρ) μιν A 117.

μιν (reflex.) ψ 220 Ε 845.

128(ntr.)1812(888m1180888080888

(οώμιιιι) A 23ι 2221 13780332)
(conf. μιν masc.) Π 142 Τ389 19287
Χ 286 Ψ 833

313 385 396 408 509 650 664 795 Μινυείῳ (Ὀρχομενῷ) λ 284.
796 802 805 858 Ζ52 117 139 168 Μινύειον Β 511.
173 176 192 238 282 353 417 418 Μινυήιος A 722.
483 501 Η 46 118187 261 316 356 μινύθει 6 374 467 0493 17392 Τ242.
013 101 237 272 280 367 445 1112 μινύθουσι Ρ 738 μινύθουσιν μ 46.
142 378 (δῶραῗ) 429 578 581 631 μινύθῃ 0492. ’
692 700 702 Κ 105 163 344 347 μινύθεσκονξ 17.
454 A 88 98 226 252 376429 479 μὶνυνθιι8315 4501 ο494 χ 473 A 416
509 522 526 550583 763 844 Μ 46 Δ 466 Λ317 539 Μ 356 Ν 573 Ξ 358
116 186 381 405 449 452 465 Ν58 Ρ277 Ψ 97.
176 193 315 329 387 672 711 750 μίνυνθ’(α) Y 27. ’
Ξ 138 255 294 435 456 Ο 11 28 μινυνθάδιος A 478 0612 Ρ302.
35 61 105 153 160 242 288 427 μινυνθάδιονΑ 352 Φ84. ,
460 551 611 650 Π6 103 290410 μινυνθαδίω λ 307.
414 436 451 454 502 511 559 580 μινυνθάδιοι ι 328.
598 607 668 671 672 681 682 720 μινυνθαδιώτερον Χ 54.
- 725 753 855 1²74 181 210 272 328 μινύριζε (iptv.) ιι 888.
404 466 573 576 [585] 641 659 666 μινύριζον 6 719.
678 695 709 751 Σ64 155 282 283 Μίνως τ 178 Ν 451.
306 452464465 Τ16 348 354 1⁶28 Μίνωοςλ322ρ523 Μίνωαί568 Ν 450
82 119 122 128 148 300 311 331 Μίνων Ξ 322.
348 400 417 480 Φ 40 42 46 47 μισγάγκειαν A 453.
58 62 73 97 166 180 202 245249 μισγέμεναι υ 203.
268 303 318 322 323 329 597 598 ἆνίμισγεκ235 ἕμισγονα110 μίσγονΓ270
Χ 81 94 123 158 1750218) 197 295 μετέμισγον σ 310.
329 361 421 428 445 457 458 464 ίπιμίσγομαιΚ 548 μίσγεταιη247 Ν 797
Ψ 68 187234 467 524 527 548 557 ἔπιμίσγειαιζ205 241 συμμίσγειαιΒ 753.
601 625 675 696 722 791 800 821 μίσγεαι Β 232 μίσγηται ζ 288.
12 21 37 127 210 294 312 341 356 μίσγεσθαισ49 Ψ73 μίσγεσθ’-9391 131.
408 414 416 418 466 517 551 588 μισγομένων ε 317 A 456 ἐπιμισγομένων
682 727 740 756. Ε 505.
μιν αύτὸνύ 118 ν 190 Φ 318 ,Ω 472. έμίσγετο ο 430 μίσγετο Σ 216 ἐμισγέσθην
μιν (reflex.) ψ 91 Φ 266. Ξ 295 ἐμισγόμεθ’ α 209 3 178 μίσγοντα
αὐτόν μιν (281181.)6 244. . χ445.
μινοουι.) α 432 8113 γ269 456 6 375 μισγέσκετο σ 325 ἐμισγέσκοντο υ 7.
381 τοι 783 788 808 ι 88 172 233 μειιμιξιμιι χ 221.
ζ21 24 48 281 284 η4 67 322 0364 μίξεσθαι ζ 136 ω 314.
ιι2ο ιι3 238 888 888 [482] 800 ἔμιξαν 8 41.
1163 179 209 324 447 μ87 111 μῖξαι 0510.
125 126 230 ν 58 163 188 227 239 ἀμμίξας Ω 529.
253 ρ 7 σ 191 195 196 τ441 υ135. ἔμικτο α 433 ιιίκιο Λ 354 Π 813.

 

