755 συνεείκοσι - σφεῖς. 756

359410 1499 314408 412 343353} συφεοῖσινκ 238 συφεούς ξ 73 συφεοὺς

233 333 331 423 1131 242 241233 113,

333 1233 413 1[43] 34 113 3434111112111343 331 574.
3981252193216466602 13 1111113111331111113323211-
220 35611189 48311340 364 31471 φορβὸν11154 συφορβέ φ193.
33113 132 133 133 331 421 7170¹ 1111111311 334.

113 133 221323 333 313 341 14 113111111323323.

143 131 233 233 433131 223 233, 1111111143 1333 1431.

433 4133 131 231 413 441 3 213Ι 1111311111 Ψ 31 1111114111 1312.
223 231 414 434 341 2133 213 3141 113111 1 434 σφάξ’ 34 322 1111111
413 77304 430 331 33 333 1211 1333142314333422.

47 49 80 134 328 346 384 615 Κ 19 ἐσφαγμένα 11532 ί. 45.

151 132 233 433 433 Λ 43 1431111111 1133 3 377.
211223231333123132111131 111111111133312.
11211313133331133433313131111111331 11234.

1131331143] 3433 505 0353 403 111111 1 434.

433 541 744 11133 233213 333 4431 1111111111 3311 1111111111 1 330.
303 311 231 143 431431 3 33 213 1111111111 2. 537.

337 333 211 333 313 7331 3133 1111111 Ψ 113.

407 403 3331 453 430 1 22 331 1111111311 1 333 440.

Ψ 513 331323 323 313 111 3331113113 Λ 135 17 312 3342.

430 437 530. ,[σφεῑς] 1
ξύν α 182 γ105 302 11268 3410 2372 σφεωνγ 134 3348 3) 381 Σ 311.

026 Π 248 864.
(συν ετ) ξυνεείκοσι ξ 98.
συνεοχμῷ Ξ465.
συνέριθος ζ 32.

(συν =) ξύνεσις 11 515.
συνεχὲς Μ 26.
συνεχὲς ι 74.
συνημοσύνας Χ 261.
συνήορος 3 99.
συνθεσίαι Β 333.
συνθεσιάων Ε 319.
(συν =) ξυνοχῇσιν Ψ 330.
συνοχωκότε v. 3. 113χ31.

σύριγγος Τ387.
συρίγγων K 13 σύριγξι Σ 526.

Συρίη 3 403. < j
σῦς δ 457 1393 439 449 465 φ219

114 1332 77 471.

11111 23 3333 1233 343 221 111
735331771393 2231 1311211434

1333 11323.
1111 1243 233 1413 311 ξ 13413

332 1431 11311233 1131 1 131

108 412 ψ 278 ω 215 Λ 679 σύεσσι
ν407 113 σύεσσινξ 25 Μ 146 συσὶ
Ε 783 Η 257 (κάπροισιν) συσίν ξ 14
σύαςξ41 81 1181 593 σ105 3251
σῦς11338 433 ξ 107.

συφειοῦ 11 389.
σνφεὸνκ 320.

σφείων Δ 535 Ε 626 Ν 148 688.
² σφῶν (σφῶν τ’ αὐτῶν) Μ 155 (0373'1311’

αὐτῶν) Τ 302.

111111 333 73[303] 7413 17703 1111
, ζ155η3511011415ξ3003412
1 1232 531 73 3304 504 554 733
. 11413 2213 433 233 7333 2133.

111111 ξ 212 1311 1441 1213 7333
ν 11233 311 333 433 31143 7474
1 23331111111333113312333311

506 3163 1484 3162 1111441193
7435 Κ 186 Λ151 0594 77543
7334 335 495 Σ510 520 Ψ147.

11111421234121313311333

1333 133 133 1324 1 233 113
1132 3314 7133 345 510 730
333 303 7 411 A 113 (111.) 333133
134333 11313 134 113 323 33213
334 33214333 11413 2233431
Σ 234 573 7435 214 331 1133
313 423 1111 1333 11 133 133113
333 1113 317 35 353 533 1133
1121 1133 33313 332313 143
111 133113333 13234334 1553
1233 121 132 153 303 373 1133
333 443 455 1332333 1 232333
333111211313311331331
433433 773110353 313 231233

. 612 670 687 Γ302 454 Δ331444
Ι 3135 592 2367 438 H 333 367

413 311111 133424 11 121131

 

