29 οὐ. 630

Y 364 373 ὀτρύνοντος β 423 τ 419 393 444 498 623 μ 107 118 130 154
Ο 199 506 ὀτρύνοντι A 414 Μ 468 182 209 354 358 382 446 ν 324 331
ὀτρύνοντα A 294 ἐποτρύνοντα Ν 767 ξ 83 138 145 222 355 363 378 388
Ρ117 683 ὀτρύνοντες β 74 Μ 266 488 513 ο 88 96 280 374 494 546
Ξ131 1564 ὀτριτττττψ 164 3τρ6-1 τ 134 341 311 ρ 113 144 145 153
νουσ’Β94 451 ἕποτρύνουσαη 262 17553 307 319 373 381 415 455 483 576 587
Ω 297. ο 36 132 149 230 259 287346 τ 20
ὄτρυνον11546 μ144 206 ὥτρννεΔ2541 27 163 314 348 υ 46 155 181 273
310 Ν44 90 0560 568 695 21174Ι 284 φ 91 152 171 254 312 χ 67 70
ὤτρυνεν Γ 249 Ε 563 Ρ 215 582 254 316 415 ψ 40 66 100 168 214
Φ 299 ὤτρυν’ Ν 678 ὀτρυνε χ 2411 223 226 ω 115 24611θῖ) 247 251 261
61487 6τρυνενβ392 ζ2541226 ὄτρυν’ 443 45615181 465 479 A 28 29 115
1 214 ρ 362 ὤτρυνον Ε 520 Μ 277 132152163 289 296 495 526 566 603
ὄτρυνον η 341. 313 24 30 36 61 67 141 143 194
ὀτρύνεσκον Ω 24. 203 214 233 248 296 641 686 687
ὀτρττώρτν 363. 1 Γ 11 156 114 114-136 453 A 48 156
ὀτρύνεσθεη 222 κ 425. “ 235 286 372 374 413 437 Ε 106 139
ὧτρύνοντο Η 420 ὀτρύνοντ’ρ 183. 1 154 157 192 201 253 257 278 286 287
ὀτρυνέω 1155 6335151136 655163 363 341163) 313 431511511 151153 .
β 253. 1 812 872 Ζ 124 222 326 411 489 501
ὀτρυνέωνω 116 Ν 209 ὀτρυνέουοαο3Ι Η 140 143 185 242 812140 154178
σ 186 χ434 496. j 238 299 400 448 473 482 483 Ι 28
ὀτρυνα ξ 261 ρ430 ἕπύτρυνας61851 56 228 388 401 545 625 650 K 79
ὤτρυνε A 73 Ε 461 470 792 Ζ 721 104 422 500 A 116 339 384 452 665
6398 11158 Λ185 291 Ν155 0500 668 Μ 79 165 225 246 393 Ν 7 8
514 667 Π 210 275 Ρ 323 Τ 3491 49 89 262 268 424 512 556 560 713
11186 Ψ111 14143 ὤτρυνεν Π 532; 714 808 Ξ 99 105 110 168 299 386
ὤτρυν’ Ω 302 ὀτρυνε θ 15 ἕπύτρυνε1 472 521 O 18 292 325 461 521 556
0 456. 1 583 585 665 737 741 Π 62 70 74 141
ἐποτρύνω ο 89 Π 525 ἕποτρύνρςβ 189Ι 232 302 509 520 796 Ρ 5 19 33 205
ὀτρύνῃσιΟ59 ὀτρύνῃοτνξ374 ἕποτρύῇ 221 372449 502 761 Σ 101 128160
1311116311] ἕτττριτρτττ 3 45 3-· 136 316 363 T 61 31136143 161
οτρύνῃ ι 139 11130 0 148 ἔτιοτρύνη-Ε 202 210 388 423 Τ 89 129 188 195
τον Ζ 83 ὀτρύνομεν α 85 τι 355 7165Ι 211 265 286 339 430 466 Φ 92 175
τ’τττρύτωττ ω 355. 1 114 113 310 313 313 336 433 x 13
ὀτρύνειε ο 306 ἐποτρύνειε ξ 498. ἕποτρύ- 47 103 126 193 199 201 219 256 283
νειεν ξ 461 ὀτρύνειαν θ 90. 380 424 498 Ψ 44 70 75 77 150 184
ὄτρττρτ ρ 15 1146411435 1654 1631 145316 411 463 553 636 613 611 611
Ψ 49 ἕπότρυνον ζ 36 O 258. “ 725 795 834 Ω 52 66 69 131 172 296
ὀτρῦναι ο 3740 0219 ἕποτρύναιιι531. 300 331 385 394 524 550 565 739
ἕποτρύναςβ422 1488 561 11128 144 743 774.
ο 217 287 ὀτρύναντος Κ 356 Ο 744 ού α 236 262 β249 7 28 208 352 375
ὀτρύνοντες Τ 54. 1164223352 η 309 6175 212 κ 170
ἐποτρυνώμεθα 6 31. v 318 417 ξ56 3212 π 23 85 202
5 α 42 350 354 β 58 61 63 137 163 ρ41 3227 355 τ 531 590 φ 115424
[70 198 251 274 275 319 γ 14 27 821 χ35 ω 251 Α 114 Β 190 276 392
138 146 6 31 62 104 193 200 292 614 A 242 510 Ε 53 819 Ζ450

158 559561 566 638 664 754 805 8461 Η 393 Ι 125 267 425 Κ 91 165 A 75
ε 15 16 23 113 141 211 212 341 404 Μ58 304 447 Ν309 Ξ91 141416
’,’ 173 182 240 270 η 32 40 208 2101 480 011 228 496 Π 852 2153 410
239 013413814715916616717915151 641 Σ 180 282 306 334 Τ 124 1101
214 232 246 293 315 553 557-151191 256 349 361 X 86 250 438 Ψ 46

125 136 228 275 281 304 352 5001 440 668 Ω 33 207 214 239 594
ι 73 93 291 λ 66 101 210219 2641 683.

 

