13 33 - 155. 314

431433435 513 5311533545 11331 113 133 131 133 133333 345 355
43 53 151 133 311 345 354 313 334 333 343 355355 333 334 435
335 345 351 433 445 451 511 531 433 434 435 455-431431 551 533
535 553 534 535 551 3 15 3515 545551 551531 534 543 555 555
15 34 31 143143 155 1333111343 513 513 534 133 1145135145 145
355 313 333333 354 334 413 441 153153 21 33 55 135 133 145
151131113 134 351 113 31 35 353314 331 315333 343 353333
53153435111133151131343 453113 31 14 113 135 135 134
353353 334 333335 413451 1435 315 331 353 333 343 353 313413
53 13 35 154 133 353 345 355313 1113315415115144153114
333 315 313 333 331 131 431435 345 351 313 313333 455 434455
455 415 514 535 3 35 31 33 133 433433 315 35 5431114135151
111 131 133 143153 351 335314 331 3511334333 343 343 355 331
335 353 353 435431 443 455 415* 453415 433 14341453413435553
433 553 531 555551 531555 3333 514 535 531511 513 111 31 34
11315113333533335435151 333535153131143155135133
13 153 153 115 143 155 333335 351 334 311353355 355 311 313
311 313 343 353 4511433434 513 313 351315 455433 131 455515
11113143535-131153135151 11113543133153133145153
151 115 131 355355 353344 351 131 313 331 313 331 343411433
355313 333453 413 443 454 333 413 445 433 433533 555 555534
4131113151151 134 133 313 315 533551 554 515 534 153135 133
353341 331 453 435433451411 154 153 111 131 133 131311335
131 533 513 11315 33 5513 353335433344531133135141
113 133 355 353 335435 453531 153 133 3511355314 331333 353
555 533 535533 113 113 13 131 434 453 433 551 535 534511511
143 153 111 131 134 313 331 345 533 151113145 155 115133354.
354 331 335 313 333333 343 353 ‹³31-6⁹ «5155 γ 54 1155 531 υ 333
455 433 431 513 554 A 54 15 1351 3333 335 11¹⁴ 5133 1333 14435
135153111135315341313335Ι 11351135. ’ ,
331 331 333 3311335434 455 413 5515ς3434 3313 5134 1353 1154
435515 531 555 553533535515 3151153111111511533333
515 131 153 135354 311 511 34 3433 355 3133 1133 333 5133
4335135151 153 111 113333 3511 555 11515 33155.

311 331 333 351 351 315413 4341 053’ ὡς 55 333 332137911291 133
435 143453 N 55 31 155133 113? 3354Ι 3155 334 5345 1⁶3 15554
155 131 335 345 335 1533331333 κεν ὧς) 11353 1351 335 (5555133
333411 455 453 415431 434 513 ὥς) 331 (053155393 531 Λ 355 341
531 545 513 153 143133355 331 11433 531 511 1531 11353 41441
333 ,33 3333133133113111 43155.

333 355 315 311353 351 313413 53311ι1ςκ 154 3145145 33151355
453435 555 53441 1333155 53533331.

113 113 143 143153 113 313335 · 5351115135 31313511553513 3133.
262 333 277 333 326 352 367377 · ὠτειλέων ω 189 ὠτειλὰς Σ 351 Τ25.
334 455 413433 443 413 555514 '133095335 ·
553 535 513 533533 533 533 535 ’43311353 -³3101(115115501) 5513.
551 535 533 533135 111 45 151 315313391301133 114354 513.

131 133 210 311 211 313 275 301 ωὐτὸς 1531, αὐτός.

335 355 335 333 133133-153 435 5115533515 1 535.

435 553 531513 553531 535 533 ὦχρος 135.

535 544 515 115 135 151 154 153 ,5555411χ455ψ151115313133141.
113 827 855 862 Ρ6 33 43 68 82 Ὠπος (Πεισηνορίόαο) 51129 3311 υ 113.

-..ψ-

 

