763 ταχυτῆτος - τε. 764

161111666661116 4113416 644 131 16311136643141441611163141
ε 111431 131 161 1434 1113 6401 136111 3161116) 311 6161446164
0 14 663 61 166 346 466 6161 6366 166 116 163 36164634616661.1ε-61)

433 631 1161 1113 133466 1616 314446 616 146 661111) 111 600 366
33 1166146611316663 11166 316 6661116) 614 631 663 1416 166 160
6146 463 1646 631 1344 6311 3611316314 366413 411 631 641611
333 433 14113 111111463414 Λ6311ς11-161-11ε)63 163 164161
61 663 664 636. 466613 636 664 661 641 663 666166
τάχιστ’(α) Λ 613. 866 Μ 21 35 1461116) 666 285 308
161161 1661. 311116-16111) 311 336 416 436 116
ταχυτῆτος Ψ 740. 0211116) 103 108 195 230373 631164
’ ταχυτῆτα ρ 316. 164191Ξ1613614311116 03882
τε (661113633ς11ὓ6-6 6111))11 9 57 214 302 3680611116-κώ 413 663
1633661113164113116133461 611 11141111141433164131)
466111 13 111141 1661116) 133 316 431461 636616 113 166 1316 666
313 416 463 611 6641116) 661 631 361661 11616416616311) 116111
1166464111111131613116146 666131461411416466414466614
111 163 116 306 303 316 331 614 6631161111)1116111116-11116)
61 61 1111116) 1131161) 146 164361 133 (conf. 16161) 161 16161.16611)113
306 341 363 400 446441 614 166 31 611 314 361 116 461116) 66 36111 ,
1311116) 166463 6141 166 166116 131 136 366 431431 6113 111616 1
1311116) 141 366 464 414 6161116) 111 166 164 161116 336 331661
611 661611 1133466 61116131 1464616111611611116166611163)
144 660 3161111116) 3131116) 336 341 136 143 166 666 660 11’- 66-t')
366 316411 416 611 316 661 μ 66 1611161-)1163161161)44146116116
134 131 133116116 166 166331416 6 11661) 433 466 (0164=quique) 603
4361311111116136111116161) 6666666331131133431131134
116 364466 6103 166 161 136411 363 311 116-1) 436 461 411616Ι
414 613 [6111 698 601 606 116 111 6666141116) 636366 636616 161 161. ;
133146161131163336161611-16) 1613113111164111)16166161 1
631 463 434 1111116161) 600 136 1131116166116614666636346

16111.16-111)436111344441111123 τ281 334 2131 16481 Α 361610
116166111346466431446636 046 136 Δ 143 1116 316 z 436 636

611116) 33 106 161 600 666 6 16 14163 1166116616 114461 6661

11 3616 161 363 406 406 4131116) 1116316111141 11163 631611 4

461616611(1611116111646 616 61311111. ⁴
111 166136 161 311364 11311 43 1⁹(6)0171 1363611161113164

16 31 31 114 161 133 661 663 136 3141116)1131661161113111116)

346 416 136 143 116 136 163 646 463 614 6161116) 336 1131113

1431116) 146 336 446434 11 141 116 1116 περ) 161 1611111163 611 633

361361333 ω 46 116 136 164 313 1166 113 116 1641116) 113 316

311 334 331 461 A5 361116) 46 61 13361116) 331 3361166 1341116)

33 163 111 166 163 113 363 436461 1311111161) 114 131314616163

1116) 4361116) 461411 1166116113 106 133 1411661166)111 116 161

136 636 634 311 4111116 436441466 463611 131 131 166 641 161 664

(116) 413 4361161) 431 116) 6611116) 111 311 313361366666 11661

666 613 6166666616161116) 666346 113 133 166 161 166 111 1146

6431116) 663 311333136 131141116 363 (τ’ 11) 663 ξ 661116) 133 161

133 664 633611 134 64 661116) 11 136 361 466 0 1141116) 111 661
11 64 3113 144141 114 116 161166 4636666661116 61 16 341 4111116)

Δ 16 31 16 33 166 16111161) 1131116) 431 1166 116 116) 1131161 6116
1361116) 1661116) 316 416441 16 11 περ) 336 363 434 1161116) 6161
161 161 463 414643 666661 3111116) 163 116) 163 133 161116) 166 364
616116) 166 166111 133 z 116 1661 461 116)4111’116)11661611641116)

 

