645

333433 133 33223433 3333 3 233)
233334 3132 332 3333433 3313
3133143343 3133133 3 33 3333
χ43 433 313124 3 233 433 433Ι
4143233 333333 1333 4 999:
9159 11234 3143 1951979991
999 11199 211 233 413 423 432
111491 41133 1233 233 232 333)
33333112333231332233
1133233 133 123 213 244 3332,
11199 333 Ψ 33 413 323 333 12 234
333 33313333 3343 34333233
333321 3323 999 A 199 995
4333 11333 133244 4131 111133Ι
231 11313 9995 399 33333123
3333 424 4133 432 11333 4411
334 1133 213.
αὕτη λ 218 343.

333333 3343 2211 1111313113 1241
ταύτην β 256 ὀ 732 ιι 501 Ε 879.
3333 3334 3313 3143 433 343 3143
234333 1213 3313 433 3232413
3133 343333 3233 4432 312133
232434 333 3133 222 233 233 3123
333333 χ433 333 2324334 9119
190159114 142133 113 4333 11243
313 3244 443 123 43 324 11141 132
4 332 1333 223 999 323323 333
99 359 ο 231 333 333 3134412
311333 3 223 359 9191 543 14378

ξ440 3341 π 31 (4447 494 599
τ300 φ 257 Α 131 Δ 178 189 243
Ε 218 255 11198 407 8282 Ι( 37
129 385 Ν447 Ρ647 7155 Φ 106
ὄφεῖλο9915311313) A 688.
ὀφείλετ’(ο) A 989 698. Ι
ὀφέλλεις θ 462 ὀφὲλλειθΒ32 ὀφέλλετεΙ
35317193 333 11 194 3334433 3 432.
Ξ 84 ὤφελλε Ρ 686 Σ 19 Χ 481 ὤφελλ’

ξ 33 3431 11333 333313 3 13 599-1

λεν Α 353 ὄφελλον θ 312.
ὀφέλλεται y 367.
ὄφελον οι 217 697 3308 1548 ,ν 204)
3 234 4333 9 391 333333 3134,
1423 3333333 33 4413 1431333.
2 99 333433 9519 333333 1133
Δ 315 K 117 11426 ὀφελ’Ζ345 Τ59
9 919 3344335) 13 954. ·
’3333333333 3 234 - 9 919.
ὀφέλλει (3413313) 1· 62 O 383 'P 949.
ὀφέλλωσιν Α 510.

35331 -

ὄφρα.

3331333 3 21 11331.
ὀφέλλουσα Δ 445.
ὤφελλε ιι 174 ὄφελλεν Β 420- ἐξώφελλεν
318.
ὀφέλλετο ξ 233 Ψ 524.
ὀφέλλειεν β 334 Π 651.

ὄφελος Ν 236 Ρ152.

’ 333433 (aecus.) 11313.

Ὀφέλτιον Ζ 20 - A 302.

ὀφθαλμὸς ι 394.
3133343313 3 333 ,3433 434 33334333
3169 4503 516 ὀφθαλμῷ ι 333 383
387 Ξ 499 ὀφθαλμόν ι 525 11291
ὀφθαλμὸν ι 453.
ὀφθαλμὼ Ν 474 ὀφθαλμοῖιν ὃ 115 154
ὀφθαλμώ 1503.
3133333313 211 3333 11343 1333

. ὀφθαλμολΠ 741 ὀφθαλμῶνό 150 θ64

χ 33 11 123 333 333 19 599 3333
11344 9391 34142114333133333
ὀφθαλμοῖσιγ94 373 41324 4358 14181
133414 3313 3233 3434 3 311
3443 4333333331 9919 11915
Ξ 153 9999 1123 939 31232 12234
312 ὀφθαλμοῖσιν β 155 941 115 226
233 3133 3433 3 143 3333331
514 1453 599 ξ 143343 3 33 432
3 32 433433 3 33 333 3233 ψ 32
3213 A 591 123 133333 9119
1199 ,1:499 3233422433 333 11132

Ρ466 646 Σ 135 190 7174 9949 ,

344 Φ 54 Χ 169 Ω 206 246 392 555
ὀφθαλμοῖς τ 39 ὀφθαλμούς Ω 204 520
ὀφθαλμοὺς λ 426 ω 296 A 250 Π 503
Ω 463.

ὀφῖν Μ 208.

43333 433
Ι) coniunctio temporalis ὄφρα 1) 9.
11111133 363 δ 289 ε 57 η 276 156
11363 λ 22 3361 π 450 τ 603 1120
328 φ357 χ 116 45192199 Δ 220
Ε 557 788 866 1352 550 K 488
Λ 84 266 357 Μ 10 Ν 574 0318

ξ 547 (aliquamdiu) Π 777 Ρ271 Σ 61

257 442.

”219 90919991. Α ί82 Ξ 87 Ψ 47.
9191019‘1111223‘110191 111
3555 3101 v 136 Β 769 Ε 588
Θ 87 Λ 756 Μ 195 Ν329 535 32358
429 0343 Π 258 Σ 380.

2) ο. 3311131135. 9133 Δ 346 Ε 524
Λ 477 Π 10.

, 3) 9. 1111191.y 285 μ437 1157112).

21*

 

