625 ὅς τις - 5τέ 626

51151455 1103 1110 221 11414 51111η11)11450 51111114.
σ 96 A 174 521 11334 Μ386 Π347 6000150058111197 Τ1·”27 000151 5115188
743 Τ406 Ψ 91 222 224 239 252 Α 554 1367 510007155111208 409.
Ω 793 6053101 ε 426 14412 ω 726551101011100161263326107150
Μ 384 Φ 320 Ψ 83 673. 172 314 y 269 278 286 388 δ 252
ὀστεόφι 55145. 262 460 514 519 5 55 309 390 400
54115511 μ 45 5134. 441 4581551103561131846195
ὃς τις a 229 401 403 β 336 1355 6 380 261 ι 76 181 378 473 491 543 ιι 17
423 469 552 5448 028 210240 594 144 156 249 275 435 469 569 1294
332 ιι 110 μ41 ν 214 ξ106 163 035 533 μ 181 201 209 329 335 368 399
359 401 55 386 σ 335 ω 286 A 230 403 v 129 ξ 235 287 293 301 339
8687 Γ167 192 Δ540 Ε 175 301 472 483 ο 101 457 477 55 11 324.
Z 271 11447 1341392 Κ 307 Λ 219 335 414 424 472 ρ 170 204 358 461
Μ334 Ν118 234 Ξ92 509 0731 566 σ 208 217 252 272 5 125 152
743 Π424 Ρ8 631 640 29363 Φ 103 338 355 532 v 19 φ 42 63 191 χ 231
347 Ψ43 16ς51ς551285 667 749. ψ 252 342 ω 142 164 172 288 362
6ς τις 6οιστος1179 5576 0289 5528 Α 432 493 Β 351 743 Γ 15 209 212
υ 335 ω 215 H 50. 264 443 A 210446 Ε 14 65 210 334
65551οβ 124160550071γ 16 320 6 714 385 392 438 630 773 780 802 850
1 147 τ 511 160 τινά) 8188 Ζ58 Ζ 121 172 175 191 200 242 297 345
330 (ὅντινά) 1174 15489 Λ612 650 461 Η 186 313 Θ 60 216 229 I 106
Μ 268Φ611 60 τιν’1α1Χ382 51752. 129 253 271 439 474 553 564 669
οἵτινες γ 70 661 94 138 489 174 K 180 201 290 338 351357 365494
ιι 101 55 236 ρ 363 8487. 526 566 Λ 170 181 232 300 618 625
οὓς τινας η 211 A 240. . 714 737 766 806 Ν 145 240 604 Ξ 71
6 τι μ 331. 250 319 321 323 326 433 Π 385 462
65111215 00000651 β 34 589 11150 598 693 705 786 Ρ25 627 Σ 67 85
3148 577 Κ 142 Ξ 195 Σ 426 655 293 395 520 Τ 57 134 204 Υ29 91
15287 A 64111 85 527 Κ 503 18221. 128 176 188 447 Φ 1 5 77148 396
ἢ τις α 352 6 376 1286 1428 μ 66 450 11208 248 374 471 Ψ 38 87 117
5347 836 [467] K 20 44. 138 373 599 721 768 773 816 844
ἥτιςᾶρίστη 02803294642411522 ,Ω 29 31 210 443 448 692 785.
1 30 025 (ἥ τίς 501 ἀρίστη) 15348 210.00111111105.η72 11486 0409 5572
Ρ62. 0134 φ 133 A 80 8395 A 263 Π386
ἥντινα α 415 718 Π 50 ἥν τιν’10) [6901711 Ρ728 756 Τ183 Φ323 174
Γ 286 459. Ω 369 417.
ἅς τινας 0573. 310. op 555. 5 189 11138 670 87 220
0τις 047 β 3505 445 η17 632 0448 ι208 333 1375 596 μ106114 0391
75307ρ53χ315Γ279Τ26οΨ494. ξ52255141197σ7 5493710138
'' 0111 ἕ ν15ις (interrogat.) 15 257. ψ 185 Α 610 Γ216 221 Θ23 189
6551111551 β 114 Μ 428 0664. Ν 319 Ξ 248 Ρ463 732 Σ 465 566
6510012 204 0 395. Y 226 228.
655150 (τε) 11 39. ὅτ’ 11 0111111011 180 11 145 5121 1523
ὁτέοισιν 0 491. 55 351 ω 115 Α 397 Β 303 Γ421
ὅτινας 0492. Ζ 223 K 540 A 112672 Μ 466 8401
6555639254025544Σ64Χ73. 076 Τ6089 98 295 Τ380 Φ81
655500124χ377 6555011121 6τευρ421 156443 Ω 495.
τ 7721000111111105. 16ξ60 374 891 Μ286
65550158 316 389 β25 161 229 6600 0207 Τ 337 Φ 199
12549 550 ξ 54 445 0317 0317Ι 310. op 5.55 3191 090 1510 513
0113 142 5378403406 4641.) 11115Ι 15237 240 φ116 Ιἰη ιο K 11 14 78
111140 10454 11294 543 8361 Ε 4211 Λ [543] 171429.4
2177 1655111111 6408 422 11021711 ὅθ’ 1101111110. 6618 080 1145Φέ390.
‚3190 0109 148 4192. 121 0. 0011101105. 1183 A 131 Ζ524.

 

