115 αὖτε - αὐτίκα. 116

349 402 474 Η 101 148 207 237 205 253 290370 659 Ρ319560 Σ6
286 296 319 323 361 383 Θ 194 94159 183 196 466 472 Τ 107 134
268 271 343 364 384 426 446 487 184 Τ 103 127 450 482 Φ 160 191
11 68 92 103 169 177 206 212 461511 Χ171172177232238252303
215 222 242 314 628 663 707 Κ14 Ψ316 356 480 604 643 645 756 4410
30 73 154 156 270 288 317 378 217 344 378 389 410 432 511 619668.

503 574 A 38 101 122 191 206 αὖτά383399 β103177331382393

225 230 264 287 304 321 326 341
369 422 455 461 478 481 483 540
622 629 664 729 747 759 762 780
Μ 13 40 78 143 187 193 254 368
, 398 446 Ν 164 174 399 474 491
651 682 691 695 698 735 752 758
799 800 Ξ8 32 187 280 374 383
0 1 61 113· 134 147 260 279 304
320 334 395 401 405 474 479 523
549 623 630 Π 124 136 177 187
198 220 246 411 415 453 497 534
553 696 728 732 802 Ρ108 266
396 610 718 746 Σ 148 203 231
314 349 421 446 451 475481 554
609 614 Τ15 19 40 51 54 63 83
179 188 268 319351 373 Τ38 47
57 75 92 191 208 240 283 318 337

320 219 641 795 ε332 ζ112η298
308 θ 127 140 158 174 400 ι 248407
κ 281466 193 338 347 362 615 μ28
ν3125 ο301 π1119409434 9389
405 445 477 495 σ169 187284 τ405
033165177190 φ256320401 χ165
281 283 342495 ψ344 5138 Α202
Β 221 225 370 407 819 826 Γ 67 180
191 203 225 241 Δ 132 238 265 384
Ε 117 217 279418541 Z81 381 H 288
302345 0489 1289 11283 A 130
822 Μ 215 Ν 178 197 221 259 274
311414628 642 Ξ454569 0287337
Ρ244 304 344474 706 Σ 146 Τ38
151 Τ16 86 123 199 273 Φ 169 394
X 129 285 z15140193 278586 605
729 778 841 842.

403 407 423 441 460 484 Φ 17 33 αὖθ’ δ 130 ι 222 κ 520 λ 28 φ22

71 157 187 205 299 334367 377
383 414 435 515 520 527 534538
550 599 Χ3 7 390 462479 483
502 z151 10 29 35 42 57 69 95
127 128 161 238 257 267 528 582

[137οΒ540 552563 601 627 731
740 837 Γ121383 Ε855 ΖῙ44
Η311 855 A 56 785 837 Ξ388
0501 Π755 Ρ601 Σ243 Τ3
0421 Χ 79 ³45204 44447.

653 663 683 742 763 798 824826 ἀύτει A 258 Τ 50 Φ 582.

850 866 877 884 896 Ω 3 50 59 ἀύτευν Μ 160.

110 117 155 184 189 244 273325 ἀυτή ζ 122 ξ265 9434 2328 A 466

493 511 513 547 628 631 633 675 Μ 377 Π 63 Τ 374.

716 [790] 792 797 801. ἀυτὴ Β 153 Μ 338 Ξ 60 0312 ἀυτῆς
αὖτεα111178221 β203 335 386 γ25 Β 97 Δ 328 331 16732 Ν 93 479
229 356 402 8102 690 742 830 ε29 621 Ξ 37 96 Π 759 ἆυτῇΛ802 Π44
48 145356 ζ119 η27 0349 354 444 Ρ167 ἀντήνλ383 A 492 Ι 547 0718.
ι 256 266 311 344 393 452 κ 11 41 αὐτῆμαρ y 311 A 81 Σ 454.
421 303483 μ87 282 ν 14 200 236 αὐτίκα α 324 γ54 448 δ 137 529 ε205
361 ξ148ο271 351 389 430 434 508 373451 ζ48 148 ι156 213 246 337
π 36 90 209 225 258 266 385 ρ 162 356 κ 111 538 541 4153 μ 142 151
247 498 528 560 585 6177 121 308 195 278 353 376 ν 355 364 ξ 340
349 491 549 559 588 υ 44 134 147 403 056 424 π 327 ρ256 σ97 203
235 363 380 φ199311330 χ6 135 307 τ 190390 392 420 υ 63 91 103
419 485 ψ10 25 39 58104 173 243 φ 67 χ 18 ψ 262 362 ω 183 A 199
250 285 ω4 35 120 191 278 A 208 339 Β 442 662 Γ29 141 A 140 172
237 340404 578 Β105 107 Γ 58 76 213256 Β494 Ζ103 308 8247 I 135
Δ10321 Ε179 224 229232 246 Ζ73 174 277 519 K 333 A 510 517 582
234 332 440 H 30 33 37 54 233 248 Μ 69 81 294 309 469 Ν 17 [749] Ξ154
287 291 335 377 396 448 459 Θ 26 363 0 135 Π 184 259 528 678 864
139 142 357 373 1114 135 277 676 Ρ84 484 500 649 Σ96 98 T20 126
702 K 64 119 168 248 280 412 420 352 Τ292 321 Φ 330 359 Ψ39 129
Λ 363 Ν 774 Ξ 64 211 263364 016 162 412552 593 862 872 Ω 226 315.

 

