319 ο ἐρῳδιὸν - εἰς. 320

εξελθοῦσα 11 573 ἐλθοῦσαν Σ 135 190 116 149 201239 434 442447 539 570
ἐλθούσας 11 411. 582 σ24 37 72 89 122 148 219 320
εἰλήλουθα ν 257 π 131 1549 Ε 204 328 329 344 353 384400 τ 17 48258
Φ 81 156 52460 εἰλήλουθας 187 1273 279 290 292 294 296 298 399 410 424
ν 237 042 χ 45 ω 300 A 202 Ζ128 429 435 484 514 540602 υ 55 75 96
254 Ψ94 εἰλήλουθεν 191 εἰλήλουθεν 99 160 220 248 372 373 383 φ208
13111111 0131. ’ 114 161 366 311 316 χ111113166
1111161016 y 91 141. 111 111101 163 161 361 111 1161
εἰληλουθώς τ 28 υ 360 ἐληλουθὼς 081. 139 170 221 259 295 311 315 338 340
ἀπελήλυθα Ω 766 ἐπελήλυθα δ 268 ἀπ- ω166 237 322 334 349 430 431 498
11111616 310 v 993. A 109 1411111) 990 999 116 3011111)
εἰληλούθει Δ 520 Ε 44 Λ 230 Ν 364 366 390 402 423 431 491 601 Β 9 126
Ρ 350 17485. 140 158 174 271 303 454 465 667 752
ἐρῳδιὸν (maso.) Κ 274. 833 Γ 75 77 252 258 266 310 341 Δ 65
ἐρωεῖ μ 75. 70 79 81 180 225 281 299 446 453
ἐρώει Β 179 X 185 ἐρωείτω Ρ422. Ε 118 132 204 239 350 360 364 465
ἕρωήσειπ 441 A 303 ἕρωήσουσιΞ 101. 504687 737 745 788 804 821 837 857
’6137 31313313 Ψ 4⁶⁸ 71133331313133 1313
ρωη αν . .
ἀπερωήσειας Π 723. 538 127 47 90 166 180 354 381 414
ἐρωήσαιτ’ Ν 57. 428 480 487 691 K 11 14 28 56 78
ἐρωῆσαι Ν 776 Τ 170. 97239 286 325366 448 576 Α 14 22
ἐρωή Π 302 Ρ761 Φ 251. 141 273 331 359 360364 381 399 513
ἐρωὴ 0358 ἐρωῇΝ 590 ἐρωήν Γ 62 623 646 704 743 778 843 Μ 16 25
Δ 542 Ρ562 Ψ 529 ἐρωὴν Λ 357 2881018) 301 325 335 Ν 7 31 38 214
27488. 277 305 645 657 756 Ξ8 86 166 174
ἔρως v. 9. v. ἔρος. 0 30 59 79 136 310 357 420 499 5 1
ὲρωιάω v. s, ν.17ρωιάω. 706 Π 169 221 391 511(111)610111
ε’ςα85 931518) 130 144 184 210 276 284 677 714 728 821 832 Ρ31 129 130
290 362 416 β 52 152 214 (bis) 221 230 334 433 487 540 Σ 101 142 21511)
259 308 3591518) 381 12 31 137 138 238 245 353 413 469 Τ3 36 128162
159 177 270 296 317 321 326 420 483 173 205 241 267 299 308402 Τ10 38
485 488 495 636 255 313 359 474 137 145159191197 254451 19843
476 563 586 621 635 639 702 bis 58 79 81 156 300 349 527 534536
713 802 839 1201518) 35 37 42111181 611 Χ 166 372 397 399475 492499
1151018) 204 352 439 453 458 460 470 Ψ 145 148 150 169 206 253 352 523
ζ 3 15 55 59 65 119 134 176 202 298 574 680 685 704 710 799 814 835886
[315] 327 η 7 7711118) 80 87 96 254 4280 97 112 122 191 193 204 332382
281 301 317 θ 56 144 170 262 273 431 447458 484 520 553 557 566577
277 283 294296 328 363 469 494 504 596 633 713 7531018) 795 797.
172 79 106 159 161 166 236 496 533 ἒς (omisso 811581. domus) β 195 0418
556 11 1 37 62 87 97 107 131 135 π327 Ζ 378 379 383 384 52160309
141146148183 194276 287 308340 482.
411 432 453 4741518) [476] 558 562· ἔς 6 48 51 η 318 0450 11361 0199
λ 13 22 36 63 70 143 323 331 351 3379 0508.
359 375 455 480493 501 μ9 29 126 ελς α 18 90 172 272 356 411 421 427
127 135 221 247 253 261 448 ν 521 β 10 18 55 97 99 328 358 γ 153 174
160 167 200 248 279 285323 328 412Ι 293 686 220 294 526 577 595 601
414 440 ξ73 126 127 180 231 238 674 751 760 ε 77 217 261 349378
265 280295 318 322325 327 329 333 381 475 ζ 295 θ 12 34 109 314 318
335 3841018) 395 404 428 037 65 99 1135 138 216 218 237, 337 527 α 60
126 129 131 186 236 239447 468 472 158 175 351 420 461 467 491 512 513
532 553 π 104 178 206 285 349 4581 522 528 564 λ 2 30 86 111 122 162
473 477 ρ6 10 84 87 104 105 1091 169 351 356 372 392 523 564 1181

 

