501

Β 661 Γ125 Ζ91 272 1144 286
Ν 431 16209.
με’γοιρον 3 276 416 η 180 11432 v 51
377 16104 341 413 3604 624 1196
1358 262 χ299 457 482 494 ψ 20
24 ω 449.’
μεγάρων 3374 β 139 400 6 728 391
13037 3387 χ172 375 399 3440
0507 547.
μεγάροισι οι 269 295 γ 186 354 6 101
192 238 392 557 624 ε 14 η 150
642 227 242 ιι 150 348 523 131
119 162 341 ν8 π 196 120 ρ 79
143 521 116 87 327 486 497 529
552 589 368 274 1330 41 176 367
χ56 151 211 322 421 489 491 ψ28
56 60 355 ω 382 392 412 Α 418
Γ 207 Ε 193 270 Ζ 428 I 465 487
561 Λ76 0439 Σ325 331 Χ69 484
ο 510 Ω 219 427 497 539 726 757
μεγάροισιν οι 27 432 β94 299 γ256
360401 6 210537 587 734763 η 12
53 ι31 ιι 338 452 768 182 198
ν 337 384 403 0 354 ιι 38 77 269
284 314 411 3358 569 6183 221
267 307 194 139 217 254 490 573
υ 389 3360 424 χ47 222 313 ψ 113
132 302 363 13129 162 41396 Ε 805
Ζ217 371 421 528 11148 0520
Ν 667 Ξ 485 502 Τ339 Φ475 56603
768 μεγάροιςγ213 6165 ζ62 η 190
115 ν334 ξ326 377 94 231 4501133
94 3252 391 6420 1295540 v 117
214 314100 χ218 370 417 οι 187
396 3137 A 768 Σ435 16236 664.
μέγαρα 3 365 6768 ιι [479] 4334 ν2
6 399 111299 1463 μέγαρ’( ) ρ 360
3167 χ396 Ζ 286.
μέγας β 314 6457 ζ276 η 112 6226
ι508 μ 103 ξ458 64217 382 1200
439 532 538 φ32 334 ω 40 A 239
Β 196 653 816 Γ167 226 324 E 610
680 750 Ζ263 359 440 Η 25 233 287
427 0160394 443 1169 Λ221 Μ 364

381 Ν 321 ’47409 0471560 11358.

531115 1513115 115131 1134

413 113 3133 131 143313 333335

x 232 240 11554133 111311 341

1433115411.

μεγάλοιο 6 27 ζ151323 ιι 361 7255
153 534 ξ 533 a 403 ω 511 3 721
307 2304 311 5114 33331531
535 1114113 135 Μ 141 31341
143411 3333 409 1531 31337

1541·

502

μεγάλου θ 82 1411 ι 179 χ334 379
8134 Φ 187 μεγάλῳ 11359 3463
Β 210 Μ 138 Ξ393 Φ9 256 282
387 μέγαν 31301 694 104 377 γ199
6746 ε178 234 266 12274 434 512
1212 240 313 340 391 513 ιι 158
222 226 254 299 343 μ 173 ν 13
6292 1139 149 11229 31177 178
183 χ2 1680 129139147222Α233
497 530 Γ 125 A 295 534 Ε 39 434
625628 Ζ8386 11265 02001132
274 496 Λ 57 501 563 591 Μ136
Π 158 Ρ115 Σ 344 476 559 588
Τ113 Τ457 (11404 11443 Ψ40
702 750.

μεγάλω Σ 518.

μεγάλοιι426 λ 157 μ436 6372 11839
Μ 97 μεγάλων A 454 μεγάλοισι Ω. 798
μεγάλουςρ 180 6 68 v 250 Μ 57.
μέγ316163 γ322 6663 559 313327
402 425 429 435 461 1319 423
11171 180 ξ 315 ιι 98 116 346 τ 58
3412 χ 149 31146 188 ω 172 Α 254
283 Β308 Λ417 Η 124463 11212
Λ404 734 Μ 12 416 Ν122 Ξ16
0381 400 Π 208 802 Ρ99 264 384
Τ150 Φ 195 268 Χ 163 307 435
Ψ827 Ω 706 μὲ’(α) 1416 1194
A 38 Λ 698 μεγάλοιο 1481 A 483
0631 Π 297 Ψ820 μεγάλου ε 320
393 μεγάλῳ ιι 247 Γ 23 1116111113
333443 Ε 145 443 13 K 304 A 572
Μ 224 Ν 193 577 Π115 Ρ296
739 3453 μέγα οι 100 240 β 125
γ107 179 22710 261 275 295 296
321 615 504 157 174 230 289 296
366 421 η 225 056 84 136 569
1260 323 381 ιι 262 276 434 543
1195 272 11292 373 ν 99 152 158
177 436 ξ51370 361 11165 241

. 24307 343 ρ 299 489 6264 136 92

413 515 φ 74 305 314 405 433
1113311) 433 351 151 533 133 415
453513 Α 134 113 343 311 331
333 153 133 111 335 Α 114 1 113
333 746 11513) 131 331 331445
H 236 444 0173 221 237 333511
55331 1135 135 111 113 113333
576 533 113 131 A 11 11131353)
31514) 753 31151343 333 1153 31
33 155 (3 355 424 436 :4:151 0134
216 232 262 236 534 677 631 11135
141 153 (1) 443 153113 31414) 1131

139 160 206 613 744 Σ 308 478 607

 

