93 τε. 766

197 (22) 212 212 222 242212) 222 412 442442 22 22 122122 22222)
(22) 901 2103 479 300 22222) 222 214 242 242222 η142 122 224
222 222 33 930 224 422 Α 22 122 222222 112 122 122 122 122 422422
212 (μ2221’1)224 7993] 221 (22) 422 222-ι 21 222 222 222 970 499 490 303
3149193193 993 497301303 371 3939) 122122 933 349 422242114
(22) 224 222 224 222 212 242 221 122 222 242 422 422 422 422 222 μ 22
979 997 222 222 222 222 1114 22122122211242 224 222 222 422
142122222 933 421 2122 393 442 430373 91 199 994 303 3739
2 24 122 2221221222 222 222222 42 22122) 1221221124] 222241 399

839 lel 997 933(9er) 409

ter 421212 21629 35 134173943 973

433 (22) 11122 122 (22) 212 2121221 222 222 222 222 422 422222 2 22)

2122222222 222 242-222 122 22 122144 122241 222 224421 ρ2
. 190 933 949 971 11 1222) 133 307 39 137 124 122 222222 337 393 904
422422 221 222 222 22 142 122 339 93 137 931 3119 194 177 310
194 194 303 374 394 414 337 (2 3903994443499419493133919
meaeque) 390 399 394 737 791 313 339 373 74⁷8 437 17 31 374
779 M108140148156((3’- -337 333 419 434 4242122 197199909
-39 ’)222 2122 799 222 212122) 222422 422 344 222 122 142 212
222242) 22222) 499 0 147 2221 221 222222 224 390 943 222 1 111
222 22 222 11224 222412 222 117 197 999 997 319 222442 22 22
390 930 970 930 731P14 939333 22221422 9139 190199999499
(3’ 99’ quod 212) 422 224 (3’ 222 quod 442 242 222 749 399 z 3 22 222 373
122)24222222222224224222) 2122 122 122 222 222 222422 33
493(933) 430 340 339 12121) 24 42 122 122 222 (1) 212222 340 479
133 993 242 22 222 222 (39 3’ = 4333 393 443 493 939 11 224 (33- 221
eaeque) Φ 356(0is) 408 486 X 9 τε) 226 (τε-11122) Λ1037 182 221
22 (133-33-)3’) 193 439 9113 307 21144 2111 393 349 993 313
119 (3933333 33 δόχμιά 3’) 990 310 2124 ,222222 21242 122 112 141
33 3’1) 393 330 439 349 7901939 909 934 330 390 339 310 707 7793
Vid.7 -77072) 197 (22) 22222) 222 122 221 222 222 422 437 433 333
339 999 (22) (399. 3' - τ’) 242 242 222 224 222 212 P 22 224 212 (33 -
222 [2221 33 339) 479 Σ 22 241 222 422 422422
2’ 2222 2144 124 112 (2’ - 337- 909 7101 222411 222 242 222422
2) 221 222 424 422 422 422 224 222 22 122 424242 222 1124 122
[222] η44 1222242122 114124 222 242422 11122 222 222 222224
2211222122 222 2421122 222 793 777 331 2222222 122122242
499 ,1222422 3309 9173 0343 2121222 224 222.
33933391391949124943979 39-337179.
393397393333317993300A99 77·-79 xal(90nf.73 332)39497431
422224 11222 222 242 222222 2122112 122121 2224222222
1142222222 1222222 222221 9090413319313331314339
22211212 422 2422 412 1222 -2422222212,
439(3’—337-'3’)1941799799 79—7'7314 2122222 2121422
222144222 11222 222 22422 224 1221121122 2222 211 33404 .
2122421211122211422122221 2122222122122424224212
222 497 97 22 222 224. 222 11242242 122 2211) E 449 319
ἐ - 33(3onf.33 — τεκαὶ, τε - τε - 337„ I 399 K 303 Ξ 233 Π 765 3499 Σ 107
τε- τε 109 τε τε- -,909 3333 3939* 7193113031973.
3931431'9319194993'3999301310 34- 3’7777990.
1338675181- 18216122- -2ὐὸἑτε)188 τε- 7'- 4212422212-21Ν422
979 991 304 339 374 (93033933133 933! 33- 9’ y 349 393 499 3439 η 124
9339332 33) 373 393 199 974 399 339¹ 993 77513- 314 3497 92⁷3 2442
9179 903 224222 222 242 412 422 2411 2 422 1 122 12212 222 (33-
2222442212422221222222224221 -3’- 339) 22212- 2- -3’-

 

