τρωτὸς -· τυκτῷ. 806

331 356 408 418 433 517 523 537
539 546 A 82 121 139 159 220344
412 556 568 570 827 836 Μ 13 61
160 226 288 431 Ν 50 268 401 425
456 463 491 718 755 831 836 Ξ 88
144251 400491 0571 602 689 739
743 1166 69 98 256 585 603 708

885 488 438 458 444 7433 4 44
38 44 88 8 448 444354 544 x 57
105 4 337..

7904 488 884 458 4584 4484 3111
484 348 [888] 8448484 543 4488
444448 4458 844 :3501 8445 488
4484 4388 4 484 448.

782 Ρ14 80 107 223 241 285 335 τρωτὸς v. 8. v. τρώα.
362 404 420 461 485 513 558 581 τρωχῶσι X 163.

589689 714 753 Σ 11 272 296 300
337 Τ70 152 Τ17 60 83 84 352

τραχῶντα 8 451.
τρώχων ζ 318.

854383 8 484 485 444 888 534 584 5584 φ 393.

111147144 155 343 382 514 Ψ23
81 175 181 Ω 148 177 215.
Τρώεσσιδ273 3513 1169 532 ξ 71

τρώσεσθαι Μ 66.
τρώσης Ψ 341 τρώσητε π 293 τ 12.
τρωτὸς Φ 568.

384 4588 3 45 84 84 354444 4 44 τύγχανε ξ 434.

95 304 508 Ε 9 63 124 135 143
200 211 810 Ζ445 1121361 8171
252 458 496 525 11207 282 314 424
41279 442 470 Μ 68 439 Ν 98 149
175 209 347 362 668 Ξ 441 500
0353 449 475 550 Π 121 201 209
576 701 750 Ρ2 156 291 380418
575 596 627 630 711 Σ 198 367
Y 36 52 126 364 381 Φ 138 250
446 525 Χ 287 Τρώεσσιν 41 275 χ228
4488541 Γ209 1386 177 507 644
702 834 Ζ110 477 Η7 402 811
172 244335 1337 K 38 A 79 489
Μ467 Ν 9 454 Ξ 192 265 391 0304

παρετύγχανε A 74.
τεύξεαι τ 314.
τεύξεσθαι Π 609.
τετύχηκε κ 88.
τετυχηκώς Ρ 748.

Δἐτύχησε 0581 ἐτύχησεν Ψ466 τύχησε

ξ334 τ 291.

τυχήσας813 4100 8579 M189394.
ἔτυχες Ε 287 τύχε Ε 587 A 684.
τύχωμτχ7 Ε 279 Η 243 τύχης ζ 290
τύχησε A 116 τύχη 8430 Ψ 857.
τύχοις μ’106. 4
τυχών Ε 858 Ν 371 397 714726 τυχὼν
8158 4452 Ε 98 582 11623.

346 376 444 Π 276 356 Ρ 16 183 Τυδείδης (1 280 Ε 18 134 303 362 410
604 Σ 130 156 218 Υ180 230 307 443 600 H 163 899 149 167 532

315 0227371374 428 Τρώεσσ’(ι) 11363489 528 Λ333 357 660 4729
8 254 Ζ362 8148 11548 Ξ 45 380 1135 Τ48 Ψ290 357 398499
Τρασίθ82Β4ΟΖ283 8431 41285 681812820.

0424 485 X 422 434 Τρωσὶ Β 160
176 304 816 A 156 173 Ε 833 A 58

Ξ98 Π 78 90 258 373 783 835ι

484 131 194 848 Σ 54 448484
483 454 8434 4484 45544 4343
N 034 448 4444 44884488 4388
488 Γ 48 4 854 4443548 4 109
8448484 510 4444 4348 44448

Τυδείδαο Ε 281 8 254 Τυδείδεω γ 181

Ε 16 11566 Π 74 ἶ14405 Τυδείδη
13193 97181207 225 240 793 866
11255 367 A 312 370 Ψ824 Τυδεί-
δην Ε 85 242 329 457 Ζ235 11109
150 Φ 396 Ψ 389 Τυδείδη 8243
440 826 2145 8139 161 153 11234
249 A 313.

255 Ν 16 220 353 0327701717 186864311126 800801. ·

Π730 Ρ396 Τ237 318 325367
Y 134 Φ 414 X 119.

Τρῶαςσ261 8125 861 Γ68 8899
156 264 285 343 Δ 36 70 80 247
416 333 37 176 527 605 862Ζ387
442 H 37 35 49 315 297 8206449
11205 299 511 Λ 294 326 521 533

45884 4 884 388 388 Τυδέος y 157
3400 4305 370 3 45 488 134333
435 444 885 348 488 843 884 488
119 377 437 44448448 454 4458
437 434 588 548 4838 4444 4383
444 588 488 4 344 4 485 7303
3 333 7300 4 394.

M 144 288 Ν187 101129 Ξ15 τυκτῷ (4414.)5627ρ169.

388 475 06 42 135 396 406 567
622 731 Π 92 425 534548 654 658

τυκτὸν Ε 831. “
τνκτην ρ 206.

30*

 

