109 33434 - υἱός. 810

ὕδατος ε 266 475 4209 44514 μ306
4537 3755 0369 Π 229 Φ300
312 X 152 064444 ε 70 ι 3921520128
44363 χ439 453 ω 45 11425 A 830
846 Φ258 Χ 149 114282 ὕδωρ α 110
146 3338 429 6 213 216 359 478
511 ε 100165 ζ91 0426 436 4 85
227 470 κ 56 108 358 μ 104 172
236 240 431 ν 409 3294 4 387 v 153
φ 270 3752 825 Γ 270 A 453 Ζ457
115171174 Μ33 11271435 114
131 335 3747 Σ 344 314 [153]
11 303.
6634’(α) 4109.
’43τὸ3 M 133.
41ὀς 3181383419 3235 415 γ 64111
189 448 621 188 303 641 0334 4197
1318 ξ 499 [515] 3 59 337 44 48 178
333 333 335 9477 4433343113]
5 343 φ 143 144 333 335 2151 343
ω 243 370 515 526 A 9 489 3564
638 727 736 756 826 A 367 395 Ε 79
101 179 184 229 235 241 276 283 376
406 565 631 683 Ζ 130 144 H 167
0118 265 Κ 229 314 412 426 487 494
A 518 605 785 814 837 Μ182 Ν400
663 701 771 41520 0281 Π 522 626
665 849 Ρ79 288 429 474 Σ 12 Τ326
Φ 152 Ψ 289 302 472 538 541 755.
υἱὸς α 217 617 4167 352 6157 169
186 555 630 648 660 789 0 114
1270 ξ317 ο [63] 141 144 256 554
4411 339 33212 545 431 32833136
432 χ 159 191 ψ 43 ω 151 305 492
3552 566 624 672 705 741 746 847
A 228 403 E 25 95 105 163 246 247
319 335 396 468 Ζ231195121123
37 1543 Κ 50 57 196 A 338 575
Μ1 331 355 Ν177 299 643 690
694 Ξ 166 250 338463 0111 333
338641 Π 174 197 307 571 718 720
804 P 9 197 284 293 326 467 575
Σ 16 Τ82 103 208 Φ 41 97 139 369
579 Ψ532 596 665 678 11141 599.
υἱέος γ 489 d 4 1174 ο 187 σ 162
12122 313ς1452 3397 υ 218 3230
Ε 266 Ν522 119 0116138 Σ138
T 324 ι14746 11422 550 υἷοῦχ238.
3114 7369 65103438452361 3213
Γ174 0455 0141 11112 νῖεἴγ369
Σ144 458 Τ81 Φ34 3146143 771
1273 ξ435 320 791 Ν216 Π177
Χ 302 Ψ 383.

3444 Ν 350 444 3 434 v 333 5 35,

M 129 0419 427 υἷ’(α) Ν 185 3163
7190 44324 1568 576 4413 ξ 123
164 3194 519 σ214 4368χ216
ω 505 A 505 3406 A 98 115 194
195 365 Ε 69 108 232 343 480 612
688 843 881 2154 366 437 11179
184 583 11110 Λ490 563 591 Ν67
171 427 759 0430445515 517526
576 639 Π 14 278401586 595 Ρ115
306 312 653 Τ4 117 1³:396 484
Φ330 378 1135 90 Ψ634 1247
227 237 583 737 υἱὸν α 88 6386
7338 669225 428 3170 918
4505 [531] 1103142540 4343360
324103 44118190 3111 φ25
Α 21 510 Γ37 307 A 89 327 399
473 499 Ε 43 49 59 77 154 169 314
318 377 672 675 Ζ8 96 203 277
474 118 8120303 362 1455 651
11175 516 Λ197 Μ188 292 Ν451
519555 Ξ 451 490 067 239 522
Π185 192 447 604 738 827 Pl 59
89 345 553 590 602 681 Σ 55 326
436 455 Τ24132 Υ219 236 474
Φ546 Ψ 391 11118146195333
3119335 1478 ω 36 11277 Ζ46 11159
A 131 Ν249Π21203 Τ216 υἱὲ
6 462 543 323 60 A 93 338 370
1147 6152 1202 11509 Λ200
459 0244 Σ18 Τ2 Χ8 250.
3133679 822 831 843 865 Μ95 99
311 (aecus) 3242 Ε 27 152 542 A 102
329 1460 υἷ’(ε) Ν 792.

υἱέες 416 4414 430437 459 3518641
666 Ε 10 A 138 692 Π 449 11604
υἱεῖς 3248 (3387 497 υἷες 651 7104
133 325412 d 285 ζ626514 4315
ξ201 240 3153 ψ220 3438 A 162 237
276 368 392 Β 253 281 512621722
A 114 Ζ255 11403 13050670
695 Κ 165 Λ262 800 Μ56 Ν 146
220 Ξ 421 0675 Π 42 56 328 698
Ρ23 Σ 200444 1317 Φ 376 544
11369 11399495.

31434 ω 223 Φ 587 X 44.

υἱάσι γ 57 387 ξ206 (4113 Ε463
0197 11546 3131344332 447 4466
34220 Ω 248 υἱοῖσιν 4 418.
3113ς62113693 3:149 Λ123 Ψ175
181 12205 521 υἷας β 115 198 ξ 229
4394 χ221 44240 372 83129 193
195234 370 13159 614 140 82 247

 

