335

45515 343 3 74 y 43 305 351 3103
177 315 543 ε 100 108 1105111
105 η 151 5 100 331 111 115 550
5 35 435 4303 511551 μ 151 ξ 00
138110111 113 113 310310 310
310 5 37 134 5 15 001 5 33 131
311 5 141 183 331 513534 508 500
5 81 115 111 105 301 φ 133 135
181 χ313 ψ 153 5 35 150 A 10 118
181 513 503 501 Γ 188 A 33 51
73 333 185 310 010 0511511000
z 111110111 433 1111351 101
1311301101 101015 010 11 181
A 188 115 01131 Ν1311101Ξ50
108 115 050101 110 1111015
1151 338 1181 105 131 1 101
3 113 4> 33110 151 x 103 433
10110 551 11131 743.

5574 74 μ 151 5333 5337 5 381
5103 2303 5337 A 173 300 7173
343 A 43 33 11 030 1110100 1110
101111 435374103130715512353
7315 1103350 080 1100301130.
μοια 1 43 153 103 111 185 100111
111 111310 311300 338 333 15 50
011038101130130111113110305

315 313351 y 37 101133) 135 307
303 314 343 337 380 413 430 330

31 105 133 150 100 311 311 318
310 311 3311011) 313 310111 101
100100 533 511 585 538 000 031
035 011 015 003 101 111113130
131 105015) 831 5 37 133 141 130
110110 130 315 1035115305 303
. 343 3531555) 350 300 333 403 413
111113105011) 111 151 53 110
101 110103111 158 5 1110108
111 113 100 101 100 111111181
105 100 303 300 3 151 118 108 133
311 318 308 115 101 130555 511
511 15 3343 01 150 101 101 101
1031131101101833113183551015)
305 311 111 111 100 511 513 5 73
143153 153 335 373 377 330 303
303 313 330 338 313 311 303 113
103 181 510 551 1011511110110
111 111100 307 313 313 130310
374 315 103115151 180131131
500 011 011 031 5 113114155 334
331 333 345 333 333 373 333 534
330 300 381138 5 40 41 53 133
300 303 313 333 314 313 318300
335 337 303301 ξ 30 3350110
151 150 135 133 313 110111111

ἐγών.

333

111131151 331 181313 353 331
333 337 337 403 407 433 435 503
533 31 110 105 103 373 310310
331333 333 347 333 371 303135
111100 510511 543 533 3135
111 131 181 130 335 445 435 433
ρ 1011101515) 53 83 101 101 110
110 100135 113111 150101 354
3301103115 150 544 545 5 11 18
55115 101181 103 101 150351
330513 183111 111 111110138
113 110 101 118 334 353 337 133
311 313 353 303 311 111 510 535
530513583 500535 0103801 80
100 110 101 100 308 311 305 5115
1151101811011101113001100
133 313 347 331 333 417·431 431
51135 105 130111 181 103 103
113 115 118 151 101 113 111 181
334 355 353 330 5 33 114133133
353 353 353 337 337 308313 335
310311 103101111511 A4173
77 103130143153 131 133 335
353 301 414 455 504 505 514 542
3 53 113 373'375 434 183 100 731
Γ 01 1011011) 105 100 113 13113.
301015) A 37 10 58 103 101 37·
410 311011313730331334
353 354 330 353 431 453 433 10 -
081800110111510133030131 τ
11311113015011013015115
130138 3150153 175 133 34
337 403 1103101103111111
113 100 108 311 313 31131135
337 310313 385301308113115011 5
433 445 443 110 111 18313019
010011 011 015015 010080 775
30 31 33 34 115 134 110 111 37
185 101 303 311055) 301 331 105
115 111 A 313 407 370 334 713
810 01111 115130 0101011131
135 011 108130 111 310 311110
473 501 503 ο 115 111 101 433
7740 43 51 53 73 34 113 300 333
347 4331315) 435 517 513 513 533
333347 850 1313301113501
Σ 0 8 31155) 18 51 (315) 01 13 80
05 110 100 111 103 338 301 115
130 111 1118588108100111
113 101 100 103 310318 331110
431 11103133110 1100101155
118 375 300111 433 553501 1110
38 43 43 33 100 111 110133 101
103 300305 388 113 131 450 451

 

