561 Ι ξεινοσύνης - 6. 562

31343333303343313143013331 4333133403 30 34033304 33-
333333 333 401 331 33 33331311 3331333331113331.

333330 3 13 333 314 334 434 3 33 4333331333.) 4 330.
3104114 4311331 z 313334 11331· 333333 3 333,
ο 333 ο 43. 333333 3133 334 3114 31310] 3131
ξείνοιοα405012544ρ73φ40 ξεί·Ι 4193·

3333113333. 2 43333331133343111.

33433 3 103 1303 340 3133 3433144404 ψ 199· 1

3 10 3 414 3343 443 3343 3 3033 5νὲ14443196 443317 81 ξεσσε 4145
4303333130 3130133130331343 4111114341344·

133403 34333 331 31314343 11433443 “³34⁷-

31013 310 3313 34 333 303 303 44114343 Φ 347 348.
344334 3 333413 430 3 34 131 4134401367 17333 340 3413 ο 113.

υ 130 305 324 &27 15300 13150ι ξίφεος θ 414 1531 Γ272 Τ253.
ξεῖνε 3 133 133 314 343 3311 3334 11711111111111 11511 1151 1171
333 3333333 333 43 331343 3 143Ι Ε 581 Λ 109 11331 1415·
159 195 Ι103 ξ 53 30 145 03003304 ξίφοςβ 3 δ 308 0406 416 ι300 ιι 126
3535331111313151033504105531Ι 261 294 535 148 97 ξ 528 π 80
3 112 3133113374 t 104 215 3533309 v 125 φ34 119 341 491 1326 A 194
325 350500 530 v 199 236 χ 27¹ 210220 Β45 Γ 18 334 361 Δ 530
33133333 331301 ζ 131 3 333 3031 {3 313 11161 419 11191) 11110
3130333431 1313 3 331 343 ξ 331 »³ 116 11137 T3⁷2 11111 11111·

403 3330 344 3133 3 31331 3 33, 5314114 Π 337 3134111111) 11373 11530
124 560 v 166 178 3, 281. ξίφεσινχ443 44527 Ν 147 ‚126 0278

ξείνω 11 26. 712 Π 637 Ρ731.

13133331313134303433103 3130 41404 11317· 1
3333 379 2231⁴ ξύλα Φ 364 303113.ξο141429 0436
4343333133 3303 31033314433103 41181324130816411616507

3134 331 311 3333 3333 3334. 5471334744778·
ξείνοισι α 313 ξείνοισιν y 350 4271111111110101445 Λ 415· “⁵573-

9485 3500155314 Am· 1 ξυλόχῳδ3350126 ξύλοχονΕῙ62.
3333333 3 3410333 4301 3 33 1413111117 114· Y· ⁵· V· 1171 συν-ς.

3103 3310 3 333 313 333 3313111141 1111· ;

Ω 202¹ 1311131404 (τευχεσ) Ψ 809.
ξεῖνοι11714252, ’ξυνὸς Σ 309· 1 ’
1 ξυνὸν (1141.)Π262.

! ξυνὴ Ο 193.
433133 3 314 343. {1}ssss} ᾗ 111131 260·
811101111111116 389· 4 ξυστὸν Ο 677.

44113 14331144) ἕ 158 0155 v 230- 1 33333133 A 303 N 431 0 333.
1111119 z 344 343· 1013013163· 113.

ξεστοῦσ33 172 51322 ξεστῷ δ 272. ἀποξύσας 1446.

ξεινοσύνης φ 35.
ξενίῃ ω 286 314.

0.

ὀ(1)1011.63411011311.1 γ 373 390 393459ἔ 181 191 225 259 Δ 310 Ε 150 Ζ 467
11111 191 450 455 460 η 192 9101 Η 161 324 087 90 532 193 259 662
251388541570 4378 ιι 436 9585 690 K 77 190291 363 498 536 41103
591 ν 178 ξ173 0200 014 415 586 632 637 645 660 696 703 790 Ν 368
σ26 38 74 401 199 (0314 4243128Ι Ξ20 Π25 191 358 11320 (517 189
σο 387 Α 33 35 380 462 3278 Γ 109Ι 526 Χ 25 33 37 77 111149 663 Ω 236

 

