407 ἰχθυόεντι- καί.
ἰχθυόεντικ458 Π 746 2392. 1ἴχνεσι ρ 317.
ἰχθυόεντα 6 381 390 424 470 516 5420 ἰχώρ Ε 340.
183 κ 540 ψ 317 14 360 Τ378. ἰχῶ Ε 416.
ἰχθυόεντα (κέλευθα) γ 177. ἰπες φ 335.
ἰχθύς Φ 127. ἰωγῇ ξ 533.
ἰχθὺς Ψ 692 ἰχθὺν Π 407. ἰωή 11133.
ἰχθύες ξ 135 5 331 3 33 333 353 151 5 351 1515 A 375 A 303 1555
ἰχθύσι μ 353 5 453 53 33 ἰχθύσιν 11131, Δ
Τ268 Φ122 ἰχθύαςχ384 ἰχθῦς553 ἰωκὴ Ε 740.
κ 124 μ 331 τ 113. ἰῶκα A 501:
ἀνιχνεύων X 133. ' ἰωκάς Ε 521.
ἴχνια (accus.) β 406 γ30 ε 193 η38 137155525 7. s. 7. ἰωκή.
Ψ 764. ἰωχμόν Θ 158.
ἴχνι’(α) τ 436 Σ 331. ἰωχμὸν Θ 89.

K.

1155555355 11353. 1335 θ 33 135 545 407 430 443 453
555 v. s. v. κκκύ. 451 413 515 ι 33 111 143 113343
κύγκκκκ 3354. i 354 355 555 κ 55 141 143 [355] 333
333115.κάγκαν’(ν) 3308. ¹ 334 418 [43οΙ1482] 156 96 111 154
5555515555 145. 1 303 357 555315) 353515 335 515535
καγχαλόων Ζ 514 Κ 565 καγχαλόωσα μ 102 212 266 296 ν 58 145 202 227
ψ 1 53. 331 333 353 313 333 330 334 431 ξ 35
15555155 A 331. 35 133113114 133141 115 134135
153551554315 11531 1555515511333 331 313 333 353433 455 5 5145
15555555 A 333. 303 353 313 315 5 153 153 333 331
15555155551355 17 534 Ψ 533. 353 353 335 415 5 113 335 553355
1155555 ε 353. 513 403 414 453 53153134113 133
Κάειρα Δ 142. 195 218 381 7 196 241 (bis) 281282
55351555 χ433. 335 555 413 431 435 5 33 51 133333
κάθαιρον χ 453 ἐξεκάθαιρον Β 153. 261 307 315(bis) φ 196 215 χ 138311
5553555 11333 5555555133 ,1111 313343 344 553 355 410 5434153
5555555133. , 353 5 353 355 313 331 313 333 435
5555555 17 557 5535555 5 153. 1 A 15 13 331 313 333 4311515) 441535
55555 1 51. 1 11 53 114 345 351 354 513 1411551
καθήραντες ω 44. 408 446 Δ59 171176 284 312 337 369
5535555 5 343. 4 17 133 130 334 310 333 z 31 33133
553555 1555555 5 453. χ 331 331 313 314 534 353 455 451 453
(15)553555 555 55551.) 3431 11331 473 1145 31 313515 3101 337 330
351. 1 334 551 131 33 155 153 335344
5355115555.)5153153151 545 55. 451 433 435 531 513 1133134143
5535555535 7 170 3 373 μ 443 M 153 103 [131] 313 331 331 333 A 433 533
3353 0 331 33 545. 533133 135 135335 11131 333 553
κκθύκερθεκ 5333 5353 5434 χ134Ι 353 311 1115 353 351 311 433 453
5133 1154 1331 A 43 31431] 451 573 750 ,3351353115 355353
11133 0 353 1135 33 450 545. 334 333 355 455 470 311 33 33 55
55355553 κ 353 M 335. 43 33 145 453 115 31 333 550 553
551 5 53 133 153 114 333 533454 554 533 135 35 14 151 155 313 513513
13335 353 353 γ131333 15511. 33133141 7137 333 415 3331

171 174 178 251 276 364 550 569 6451 367 410 Φ 73 74 78 121 409 564
737 765 803 812 ε 117 172 3113385 X 81 114 287 388 416 435 Ψ68 75
ζ 21 32 121 190 245 275 η 67 3351 95 107 235 308 548 557 564 601 625

 

