931

991 999 999 419 417 431443433
ι 33 133 133 331 979991979 333
4194 133 133 343 334 333 333
343 χ 44 79 91 197 179 133 311
343333 333 ψ 33 43 33 34 34 133
314313 333 334333 ω 134 134
133 334 333 333 970 379 399 A 100
990 939 331 333 433 433333) 441
333 333 333 313 97 99 41 171
343 979 919 799 794 7950) 133 133
991999399971 Δ 90 149 901 999
319 399 974 433 433 9 9 47 33
31 33 34 133 133 131 199190304

Μινυείῳ - μισγέμεναι. 532

χ410 ψ4 23 34 165 A 29 201 585
8550 Γ386 388 389 A 23 9309
372 392394 Ζ 151485 Θ 460 1391
564 Μ285 Ν204 432 048 89 1110
1399 Σ37 168 1214 Φ 176347
402 576 Χ 471 473 Ψ 203.

μιν αὐτὴν Ω. 729.

αὐτὴν (γάρ) μιν A 117.

μιν (1311331114 220 Ε 845.

μιν (nt-r.) ιι 212 (δώματα1) 305 1605 ρ263

(δώμαια1) Α 237 Ζ 221 1378 (δῶρα11
(30111μιν411333.) 11142 T 389 21287
Χ 286 Ψ 833

313 385 396 408 509 650 664 795 Μινυείῳ (Ὀρχομενῷ) 1 284.

796 802 805 858 Ζ52 117 139 168 Μινύειον Β 511.

173 176 192 238 282 353 417 418 Μινυήιος A 722.

483 501 H 46 118187 261 316 356 μινύθει 11374 467 0493 Π 392 9949.
Θ 13 101 237 272 280 367 445 1112 μινύθουσι Ρ 738 μινύθουσιν μ 46.

142 378 (δῶρα 7) 429 578 581 631 μινύθῃ O 492.

692 700 702 K 105 163 344 347 μινύθεσκον ξ 17.

454 A 88 98 226 252 376 429 479 μίνυνθαθ315 1501 3494 χ473 A 419
509 522 526 550 583 763 844 Μ 46 A 469 A 317 539 Μ 356 Ν 573 ,3358
116 186 381 405 449452 465 Ν 58 Ρ277 Ψ97.

176 193 315 329 387 672 711 750 μίνυνθ’(α) Τ 27.

Ξ 138 255 294 435 456 O 11 28 μινυνθάδιος A 478 0612 Ρ302.

35 61 105 153 160 242 288 427 μινυνθύὸιονΑ 352 (984.

460 551 611 650 Π6 103 290 410 μινυνθαδίω 1307.

414 436 451 454 502 511 559 580 μινυνθάδιοι τ 328.

598 607 668 671 672 681 682 720 μινυνθαδιώτερον Χ 54.

725 753 855 Ρ74 161 210 272 326 μινύριζε (11113114 889.

404 466 573 576 [5851 641 659 666 μινύριζον ύ 719.

678 695 709 751 Σ64 155 282 283 Μίνως τ 178 Ν 451.

306 452464 465 Τ16 348 354 9³98 Μίνωος1322ρ523 Μίνωα1568 Ν 450
82 119 122 128 148 300 311 331 ΜίνωνΞ322.

348 400 417 480 Φ 40 42 46 47 μισγάγκειαν A 453.

58 62 73 97 166 180 202 245 249 μισγέμεναι υ 203.

268 303 318 322 323 329597 598 ἁνέμισγειι23ὂέμισγονα110 μίσγονΓ270
X 81 94 123 158 1750ιὶ31 197 295 μετέμισγον σ 310.

329 361 421 428 445 457 458 464 ίιιιμίσγομαιΚ548 μίσγεταιη 247 Ν 797
Ψ68 187 234 467 524 527 548 557 ἕαιμίσγειαιζ205 241 συμμίσγεται11753.
601 625 675 696 722 791 800 111 μίσγεαι Β 232 μίσγηται ζ 288.
μίσγεσθαι ο 49 Ψ 73 μίσγεσθ’ 99 91 131.
μισγομένων ε 317 A 456 ἐπιμισγομένων
Ε 505.

12 21 37 127 210 294 312 341 356
408 414 416 418 466 517 551 588
682 727 740 756.

μιν αὐτὸν 11 118 ν190 Φ 318 Ω. 472.
μιν (1311314.) ψ 91 Φ 266.

αὐτόν μιν (1·311314.)ι1 244.

μιν(1θιυ.1 α 432 β113 γ269 456 41375
394 704 793 799 803 ε 96 172 256
ζ21 2448281284 η4 67 322 ’9364
3133 43 333 339 999 [4991 900 ἔμιξαν 341.

1 163 179 209 324 447 μ87 111 μῖξαι O 510.

125 126 230 ν58 163 188 227 239 ἀμμίξας Ω 529.

253 ρ 7 σ 191 195 196 3441 υ135. ἔμικτο α 433 44031οΑ354 Π 813.

ἐμίσγετο ο 430 μΙσγετο Σ 216 ἐμισγέσθην
Ξ 295 ἐμισγόμεθ’ α 209 41178 μίσγοντα
μ1σ4γ4ἕ61ιειο σ 325 ἐμισγέσκοντο υ 7.
μεταμίξομεν χ 221.

μίξεσθαι ζ 136 ω 314.

 

