σύ.

8 286 132 37 97 260 438 492 521
636 J( 108 116 290 292 324 Λ 413
mmmmmm†”mm1'
582 Π 41 235 498 842 844 Ρ556ι
679702 Σ88180 Τ57 1781924116Ι
Φ 76 84 192 Χ486 Ψ80156182Ι
342 600 618 650 Ω 310 334 437)
461 595. 1
aot). 381.
mam 1
τοι 50611651αῆ τοι, οὔ τοι) α 170 179!

ΜΜΜΜΝΜΜΜ
wmmmwmmm
mwmfflmmmm
mmmwmmmm
mmmwmmmm
mmmmfflffimm
wmmmmmmm,
mmmmwmfflm
ammwmfflmfflw
mwwwmmwm'
mommmmwwt
mmmmfflmwm
amwmmmfflffiffl
mmmmmmmw
mmwmwmwm'
mmmmmmmm
1mmmaemmmm
mmmmfflmmwm
mmmmmmwm
ammmfflmmww
4mmmmwmmm
Qmm)fflmwwfflfflffl}
012 25 26 32 34 39(bis) 72 81(bis){
mmmmmmmm'
mmmmmme
nfflmfflffimmm3
mmmwsmmmffl
mmmmmwmm
mmmmmmmmg
mmmmmmmw
mmmmwmmw
3mmwmmmmm
mmmmmmmffl
mmmmmmmm
5341518) 48 199 228 229 263 289Ι
wmfflmffimmm'
mmmmwwwmo
2mmmwmmmm
mmmmmmwm
mmmmmmmm
wwmmmmfflm
mmmmmmmffi

416 410 425 426 524 540 541 546

711

563 566 567 Β 26 63 226 227211
286 298 364 796 Γ 54 60177111
Δ 39 41 53 129 146 155 266311
(bls) 353 360 405 Ε 125 127 111
172 259 472 633 801 816 828071
891892 Ζ 49 211 258 271 272311
334 521 Η 52 104 288 295 311
407 463 832 40 95 1041511) 111

ι 166 203 289 291 463 I 38 42 431111

44 55 70 71 73 98 108 158 211
262 263 273 291 298 299 300301
359 60017) 611 615 638 641551
K 39 294 316 383 401 41311616,
(ἐγώ) τοι) 477 (bis) A 134 207 380 311
798 Μ234 412 Ν115 219 252251
267 377 467 727 770 772 773 771
813 830 ’,2235 238 267 337 331
fflmwwwffimm
ι 201 212 222 254 372 399 440411
Π 35 37 83 87 206 444 450 494 721
787 788 812 837 838 851 852 211
152 201 202 206 207 472 475 617
Σ 74 96 130 197 387 463 Τ29 121
140 143 144 175 220 343 40911111)
421 283184 241 390 391 449 1079
94 96 110 184 215 216 230 289293
297 370(οὐ μέν τοι) 413 482 498 111
83 184 185 222 285 335 341 488 510
Ψ 20 82 92 95148 180 309 315 321
338 339 477 484 543 548 549 510
572 5910113) 593 602 609 620 795.
mwwmamwmmn
181 182 197 201 204 205 296 321
355 367 368 382 422 439 520 521
547 548 556 561 599 6200) 731.
50 1γ98 0328 1269 173 252 027
τ404 χ220 420 421 Η48 1640
Ρ 469 2390 Φ 75 608 X 358.
τ’-( 102)a60347(v1dv151un) ’
111310 (=toc?v. s. v. τε). '
τεῒν δ 619 829 1560 ο 119 Α 201.
mmmwmmmwae
wmmwmmmm
ξ386 χ197 ψ 14 Ε 635 812 1141
96 331 370 Λ 772 796 Ν631 3220
2105 179 187 11352 2172432281
ἔα 269 0828 7168 175 190 ν 228
313 326 9417 6146 χ370 612451 .
55 Ζ 256 1494 679 Κ 462 Μ 325
Ν 273 0180401 17836 Ρ687 Τ339
72 152 194 205 Χ 265 335500
σε α 64 124171173 225 296 302381

 

