631 οὐ.. 632

(conf. infra 556 ποτε, οὔπω, οὔ πως,56 349 Η 448 8140 1339 1( 324 A 648 5
τις, οὔτοι). Μ110(ουχ 8471488 0555575 5
οὐκ α 216 226 298 331 β 11 501105 11140480 12174 197 450 463 Σ59
122 184 y 20 227 251 319 328 4845 89 440 Φ 95 108 Χ 96 159 Ψ 205
494 71 78 240 347 534 544 601 712 670 52 224 679.

744 772 ε 99 155 182 342 ζ57 84 56χ1 0 716 Π 762.

201 221 258 η 22 39 293 299 305556 μὰ υ 339 A 86 Ψ 43.

θ 28 187 223 229 236 307 316 320 οὐ μάν Ε 895.

329 358 ι 44 241 442 468 475 5255 06 μὰν 1 344 ρ 470 Δ 512 Μ 318
553 77120193 573 162 122 232 249 Ν 414 Ξ 454 0 16 508 1241 415
328 380 427 517 553 579 584 μ.. 2825 448 Ψ 441.

v 170 209 293341427 ξ 82 90151556 μέν v. s v. μέν.

212467 481 531 72 98 100 192 321 06 πῃ ε 140 410 Ν 191 12643 Ψ463.
343 533 π 307318 357 380400 42056 ποτε (οὔποτε q. v.) α 308 5525655275
424 437 447 465 ρ 138 222 226 2685 71 693 η 117 258 7 33 1 528 ξ 219
347 352 387 390 454 488 497 5465 0407 φ 38 ψ 337 A 234 Β396 Ε441
586 σ 11 184 207 232 265 280 345 K 164 Μ45 12404 Ψ 611.

353 362 373 383 414 τ 25 107 154 06 770τὲ A 261.

. 156 237 260 37456135 547568 597 601 56 ποτ’ α 433 ζ325 μ 75 v 132 339
υ 90 135 141 179 202 275 305 3225 356 π 367 (7114 ψ 71 ω 196 11325
384 392 φ107 233 289 369 421 χ 11 H 91 Ν 100 X 458 Ω 426.

313251 132 319 325 ψ 19 40 62 77 56 ποθ5ξ 94 A 278.

. 152 269 369 ω 146 244 246 247 249 06 πω (5677775 q. 75 y 160 226 383 71269
307 435 524 A 24 95 112 126 180 5358 ζ167 329 6540 2335 77 71351
301 378 Β 2 132 204 241 250 347 5517 υ 110 φ 132 χ236 757240 21224
367 488 745 822 859 Γ 45 52 54 66 11799 Γ169 306 1440 K 293 540550
120143 176223 241 289410 Δ 24 11710 Μ203 2702755143 0632 12190 5
55 56 57 160 168 185 223 224 300 377 Σ287 378 513 22216 52 41176 7.
330 532 Ε 32 85 150183 131 205 56 7776 β 118 7 455 κ 502 1184 μ66
218 256 366 456 538 686 768 783 98 π 143 τ 380 φ 123 χ6 ’5116
802 8922129 165 374 521 523 1169 328 ω 267 Α 106 Β 122 553 1148

63
3

236 257 362 Θ 21 32 45 164 210 290 Τ 11 Χ437 12 505.
319 330 360 369 414 451 455 461 οὐ γάρ πω α196 γ 221 ζ160 7165
463477 I 225 316 353 356444 486 κ174 152166461481 π192χ31
517. 36 537 627678 113121 160 7518248 ω188Α26281921147 75
204 275 342 530 A 80 125 278 281 12 637.
387 389 519 550 614 Μ 171 327 οὐ γάρ πώ α 216 71 141 μ 186 268
Ν 106 109 289321 470 572 622 674 τ350 365 A 154 Γ442Δ3311152
787 El 62 66 126 212 247 335 022 Λ 719 17315 Π 303.
40 106 130 162 166 178 182 248 56 πως β 130 310 ε 103 137 212413
492506 651 700 Π 33 388 540 549 7411 1158 ο 49 ρ 12286 77527555
789 Ρ 147 166 489 518 659 676 φ331 χ136 460 Δ 320 Η 217 Μ65
Σ 98163 262 367 434 Τ86157 217 Ν 114325 729 Ρ354 Τ209 225.
271377 28797134139 Φ 36 48 ιο11πώςΜ337.
103 193 457 462577 580 Χ 123262 οὐ γάρ πως θ 538 π 161 196 τ591
265 348 387400 495513 Ψ 4 88 104 Ξ 63 Ρ 464 711.
149 345 430 466 Ω 35 263289 297 οὐ (γάρ) τ’ γ 147 ε 79 κ 190 ρ 78 2367,
439 573584. 56 τις51121233 71106 ε 11 η67 315
οὐκί α 268 380 632 1493 11238 306 6198 239 371 ι146 1483 ξ 122 9451
349 K 445 0137 22255. τ87 v 201 330 368 376 φ 344 ω 29
οὐχ β 40 210 312 ι478 κ 373 379 A 88198271547 Γ 365 451 Ε 665
15115242265577791625376 2160253 Κ417Λ12οΝ222659
545 77275 7257 υ 245 φ257 427 Ξ 423 0450 509 569 Ρ100 292 Σ105
χ412 ω 199 Γ239 Δ498 8181855 313 Φ 357 92439.

 

