655

0574 Ρ603 παπτήναντα Ψ 690 Ἁπαπτή

νασα τ 552 παπτήνασ’ Χ 463.

παρά ξ 488 χ464 Α 329 Ε 809 8220
1174 A 617 Ν167 208 Ι267 Π263
παρὰ α 61 138 142 154 285 333 440
γ37 348 365 431 654 58 65 409
432 443 449 595 802 838 ζ94 162
290 η127174 65 243 289 337 342
458ι8465486300319κ8957
61 62 126 146 179 272 274 294
321 [370] 439 446 447 505 535 571
12] 24 48 178 231 545 μ32 82
121 292 ν122 204 220 372 424 ξ347
448 498 509 0127 137 158 2587295]
302 386 420 488 π 65 415 ρ 93 96
258 0118 209555 321 525 553
0258 064 145 239 385 χ82 181
A 26 34 89 190 300 305 316 327
344 347 358 405 415 476 611 854
279 297 392 604 725 773 Γ135
440 41480 518 Ε 195 293 369 Ζ42
246 Η 22 72 294 346 0 121 [183]
313 345 474 504 167 90 182 243

παρά - παρειαί. 656

302 313 353 381 Ν 42 211 627 Ξ445
03431 Π312 400 Ρ179 249 297
421 707 721 Σ 137 143 400533
617 Τ 140 416 Φ 117 180 337 491
Ψ 147 163 640.
πάρ γ 39 ιι 242 I 43.
πὰρο132 9267 325 400 416469 482
490 δ41 305 5191] ζ18 214 248
η154231347070119451711444
λ175 460 ν387 408 414 ξ21 32
260 452 0140188 285 ρ429 0343
383 0260 281 φ177 182 434 011
8355 522 787 Γ 262 272 312 Al
330 367 Ε 112 365 709 869 906 Ζ 43
Η 135 190443 0188 249 533 562
1666 1177 560 “A 499 512 517 632
772 795 Μ91 Ν 176 617 744787
Ξ28 46 411 0122131551113751
Σ 387 576 608 7253 1³53 070
206444 547 603 11386 Ψ 25 866
Ω 100 408.
παραὶ α366 ρ572 0213 01411 11711
Γ359 Ε 837 Η 253 A 233 Ν 605
0175 280.

332 470 556 609 631 657 111 54 παραβλήδην Δ 6.
75 209 256 410415 473 549 A 109 παραβλῶπες (ὀφθαλμώ) Ι 503.

111 603 622 631 805 Μ 114 199 παραὶ v. s, v. παρά.

204 225 352411 418 Ν 2 35 69 84 παραιβάται Ψ 132.

123 276 746 778 Ξ 4 05 69 367 παραίσια (σήματα) Δ 381.
407 513 577 601 656 673 696 Π 115 παριιὶφασις A 793 0404. 1
127 151 204 272 281 473 Ρ165 παρακλιδόν δ 348.

190 310 994 440 505 ‘230 104 955

παρακλιδὸν ρ 139.

305 338 530 576 Τ40 44 143 194 παρακοίτης Ζ 430.

316 406 11 49 Φ 173 520 530 1189

παρακοίτας Θ 156.

145 339 508 Ψ28 160 225 359 394 παράκοιτιςγ451 δ 228 002 Δ60 1590
4111212115136169225412502720. Σ 184 365 Φ 479.

5955 7324 351 0550 ε 15 141 195
354 459 599 ι195 058223 5 45

παρακοίτι y 381 παράκοιτιν 1. 298 305
580 0 26 0158 Γ53 Ξ3461260.

ρ 145 452 Ε 603604 Ζ 177 Η 383 πάραντα v. s. v. 6ντα.
1227 Κ 35 0691 Π 286 T310 148 παραπλῆγας (ἠιόνας) ε 418 440.
Y 98 Φ 192 Ψ479 Ω 212 429. παραρρητοὶ 1 526.

παρ’ χ 105 Α 114 2101.

παραῤῥητοῐσιν (011.) Ν 726.

παρ’ α 123 259 y 156 172 347 460 παρασταδόν 0 22.

351 ε1 119 155 199 227 ζ97

παρασταδὸν κ 173 547.

η 203 6 420 469 ι 132 κ 11 36 παρδαλέῃ 1( 29.

1490 μ70 ξ 292372 382 523 0 298

παρδαλέην Γ 17.

300 455 514 195 (παρ’ ἐκ) 343 πιριαιις 9451 0 513.

(παρ’ ἐκ) 468 ρ 414 5 315 χ 127
197 233333 11171 98211 219 ω 12

παρδάλιος Ρ 20.
παρδαλίων Ν 103.

A 463 11596 775 Γ187 406 Δ 97 παρειαί 0 530 v 353 A 393 X 491.

468 475 487 500525 536 544 Ε 28
146 291 572 794 Ζ 34 250 433 1146
0280325 544565 1427 K 472 474
Al 166 167 314 558 577 592 Μ 30

παρειάωνα334 π 416 0210 φ65 Σ123

παρειῶν δ 198 223 1529 15190 52794
παρειάς 0 522 5172 Γ 35 παρειὰς
β 153 5200.

 

