635·

333 450 511511 535 043 15101
105 150 150 155 303 104101111
330 334 111111 535 530 545555
1111 11 15 114054 111 111111
141 111 111 311 411441450 ρ4
1151 145 111 111 155111 111111
144 155 1114110401 41 51 11 101
111 111 111 111 141 113 144 155
1111 135 315 333 115141144141
150 111 111 115 115 311401411
411 411514 503 v 15 30 54 53
105 111 115 φ 1 11 11 111411
35 50 54 [55] 145 115 555 151415
415 χ 11 11 51 53 51 105 343 335
355 404 1515 53 101 153 155
155 105 101141151 5 104 155 303
110111 111 114 115 111 315 545
411 A 53 11104111100151 115
111 111 115 144111511 35134
155 315 315 333 355 355 353 405
415 515 550 555 515 111 111 Γ 105
115 151 111111 111 141111115
111 Δ 11 111 151 111101115154,

οὖδας - 0664. 636

111 545 450 505 535 531 551511
115 115 140 111 100101104110
335 P 5 44 51 11 11 11 151111
111110 111 111 111 303 114401
410411 511 554 553 510 511511
511511 541555515 555 555 Σ 15
53 143 305 115115 331 114401
411 441 444 450 453 510 511 511 1
1115 31 114 151 104 343 355
333 141155 555 353 151 30 55
135 145 155 133 353 111111111
345 405 410 431 410411 054111
111 145 114 110111 3111114111
453 515 543 541151) 551 551510
511 515 511 1111114111 303 304
315 353 355 305 435 443 450 411
1111 145 355 111101104111111
335 1101111111)115 111 500510
511 540 545 551 555 550 551554
511 514 511 513 155 111114155
1111 30 44 51 511115 15111
141151 151 114 1113111111411
414 411 451 451411 5145115111

151 110 455 451 411 4144115001 1111111114.

529 Ε 4 7 10 12 24 53 188 350
335 300 307 315 326 338 365411
433 437 446 604 670 682 694 695,
709 765 808 Ζ 16 38 43 90 91}

ἕο 213 Ε103 [1589 Ν414Ρ27

Σ 132 Φ 553.

110 387(οιύτόν) χ436 Δ 497 Ε162

(01611101 0241574 Ρ551 (01611101 Ψ203.

93 101 157 159 177 193 194 203 10321434635552761713531133

251 253 274 281 289 316 399 405
406 Η 86 143 146 154 220 222 259.
271 048 122 129 190 216 246 314

, 1111319331 362 371422 Ι 131 1491

156 157 190 244 284 285 324 374
376 380 534 586 591 667 691 Κ 10
17 19 129 212 213 215 226 232
257 261 290 304 328 4070111) 438
A 20 23 29 34 39 96 192 228 233
245 266 300 331 339 353 358 439

0396106160) 4402 0270 0117 356
π 57 59 457 (1243554 τ 390 11201
χ426 ω 292 Α 236 510 Β ll 187
Γ408 Δ 534 541 Ε 391 613 625
766 Ζ 24 511 H 85 Θ 301 310 322
Ι 155 239 11345 A 249 467 Μ 300
Ξ 142 Ο 268 283 682 Π 456 674
Σ119176 Τ77 Φ 523 Χ42 142
172 213474 Ψ 323 693 705 11214

453 [543] 604 626 705 788 789 792 οὔδεος ι 242 Μ 448.

795 809 847 Μ 50 103 174 229 334
355 350 351 363 371 396 407 450

οὔδεϊ ι 459 Ψ 283 061114 Ε 734 11145

0385 A 144 Μ192 Ξ468 Π612

 

Ν 21168 181 210 211 246 280 282 Ρ437 528 Τ92 ἱ1171951527 οὖδας
317 394 409 416 420 439 440 458 0376 ι135 41440 0395 χ269 467
474 491 517 536 544 557 561 562 154ss 4545 Ρ457 Τ61406 Ω 738.
570 574 600 605 616 643 661 666 06610159 6185 279 7134155 5155
675 710 805 821 ,11113 122 124, 178 494 539 596 177 190271 0176
141 158 161 166 172178215 2181 4120 216 κ 284318 1 126 188 425
232 253 403 406 407 420 430 435 452 555 83 555 133 393 ξ 142363
438 0 75111 155153133335333 392 0 213515 11 243 (1 104234 03
349 403 421 442450 451 452 4031 14740114211φ15οχ22142616218
464 465 496 529 532 534 540584 273 308 01 41 107292 A 133150153 ¹

596 607 610 613 649 686 Π 1001 35453656] Β115Γ111Α411 3105 .
139 147 185 222 225 242 244 251Ῑ 119 252 284 2360413417 444 8201

 

 

